---
password: 91213b57ccc11771f98ba67fa11914e79876d1f9
ip: 70.196.81.183
firstlogin: 1461011186324.000000
lastlogin: 1461432998870.000000
...
