---
password: 446f47000c9edc86e2531d37f0c7d8ea9c7ce4d5
ip: 46.250.89.156
firstlogin: 1461295292553.000000
lastlogin: 1461295292556.000000
...
