---
password: 1f265f209c69ac96f7b44f70bf2a9ada1a62ad57
ip: 188.233.37.163
firstlogin: 1461420873700.000000
lastlogin: 1461420873706.000000
...
