---
password: 46d3685741f268453cf571f059b47fcbe7c8fdf1
ip: 71.1.100.128
firstlogin: 1461385220314.000000
lastlogin: 1461385220316.000000
...
