---
password: 5baa61e4c9b93f3f0682250b6cf8331b7ee68fd8
ip: 189.18.103.55
firstlogin: 1462207906885.000000
lastlogin: 1462207906887.000000
...
