---
password: 259c60c735847732b9447110040a7b59b1353a57
ip: 222.153.12.29
firstlogin: 1461326469471.000000
lastlogin: 1461326469473.000000
...
