---
password: 1c2b0d17c738509518ecc6efa233ee6c10e724f2
ip: 71.107.64.80
firstlogin: 1461376171311.000000
lastlogin: 1461376171317.000000
...
