---
password: 2891baceeef1652ee698294da0e71ba78a2a4064
ip: 95.153.131.226
firstlogin: 1461002517997.000000
lastlogin: 1461002517999.000000
...
