---
password: 9f04c57f5426c88fe4e7075dd7889be40839f24a
ip: 108.206.111.142
firstlogin: 1461290155571.000000
lastlogin: 1461290155573.000000
...
