---
password: 7c4a8d09ca3762af61e59520943dc26494f8941b
ip: 84.227.16.79
firstlogin: 1461385634183.000000
lastlogin: 1461385634193.000000
...
