---
password: 3bc6f2208b90542717470de5278f48ae0e983c97
ip: 67.209.83.138
firstlogin: 1461540073135.000000
lastlogin: 1461540073139.000000
...
