---
password: 106918dc2f0aadb802ede2d74933ae9ce37af406
ip: 70.209.75.101
firstlogin: 1461279484332.000000
lastlogin: 1461279484334.000000
...
