---
password: 6c384fa4ada50b9b630e9567d15d750a4a8f9b3a
ip: 172.56.4.165
firstlogin: 1461273833874.000000
lastlogin: 1461273833892.000000
...
