---
password: 1514ff0403638d745f8497f72ab9022ffe070d66
ip: 112.201.202.179
firstlogin: 1460951310597.000000
lastlogin: 1460951310600.000000
...
