---
password: 5baa61e4c9b93f3f0682250b6cf8331b7ee68fd8
ip: 80.114.104.104
firstlogin: 1462110381100.000000
lastlogin: 1462110381106.000000
...
