---
password: 1a1d2878a38afe9a541bd5c1c4bc30d3aa7883fc
ip: 207.216.82.26
firstlogin: 1460922273819.000000
lastlogin: 1462728257842.000000
...
