---
password: 77a5f2b820983ce006fa2dd3b282914b23baa6d9
ip: 121.75.96.91
firstlogin: 1461360380422.000000
lastlogin: 1461360380431.000000
...
