---
password: 9d6a02c5e95d75eb77db3f7412d6236f7811c7eb
ip: 173.88.138.116
firstlogin: 1461299353382.000000
lastlogin: 1461299353384.000000
...
