---
password: 03a6da8d763e3867425cad12090c3c71cacb21c5
ip: 50.49.150.26
firstlogin: 1460929705686.000000
lastlogin: 1461278395322.000000
...
