---
password: 5baa61e4c9b93f3f0682250b6cf8331b7ee68fd8
ip: 95.235.26.120
firstlogin: 1461265846431.000000
lastlogin: 1461328652067.000000
...
