---
password: 762c99113c732df446e50e48b53634cf66f91298
ip: 78.169.69.180
firstlogin: 1461590334408.000000
lastlogin: 1461590334410.000000
...
