---
password: 0b84df1b669aae06da1ea03f370a9ceee402a3f2
ip: 180.251.151.35
firstlogin: 1461290160976.000000
lastlogin: 1461290160978.000000
...
