---
password: 96e09fed7dc7df5cd6491d2640e583dc7d3eee58
ip: 24.210.145.196
firstlogin: 1461286575802.000000
lastlogin: 1461286575810.000000
...
