---
password: 3d4f2bf07dc1be38b20cd6e46949a1071f9d0e3d
ip: 95.84.66.23
firstlogin: 1461547214997.000000
lastlogin: 1461547214999.000000
...
