---
password: 415a55e284bd97e209ee93899ae98b2ff6d38e56
ip: 50.90.153.188
firstlogin: 1461753967160.000000
lastlogin: 1461753967162.000000
...
