---
password: 52e51cf3f58377b8a687d49b960a58dfc677f0ad
ip: 98.167.89.64
firstlogin: 1461901324788.000000
lastlogin: 1461901324797.000000
...
