---
password: 9181d51c1c3e868982049383422388297862a0cd
ip: 186.194.4.2
firstlogin: 1462226984916.000000
lastlogin: 1462226984918.000000
...
