---
password: 6fea2ea2e6ece6159c7ab35da7801e7be8b86daa
ip: 130.25.47.205
firstlogin: 1461345686900.000000
lastlogin: 1461345686902.000000
...
