---
password: 3230931544d234e1c7beb5a9e4b43c9b92fa880a
ip: 70.44.52.108
firstlogin: 1460909521743.000000
lastlogin: 1462109977549.000000
...
