---
password: 1c2b0d17c738509518ecc6efa233ee6c10e724f2
ip: 112.206.138.177
firstlogin: 1461307603167.000000
lastlogin: 1461374797674.000000
...
