---
password: 5c4f008ac31511f455acac000cf124e7fbe6e86c
ip: 81.135.212.77
firstlogin: 1461321692526.000000
lastlogin: 1461321692529.000000
...
