---
password: 6339953d35af7ae5ecd894bee8d7acb9013ec67c
ip: 85.76.76.6
firstlogin: 1460830920454.000000
lastlogin: 1460830920465.000000
...
