---
password: 48efc4851e15940af5d477d3c0ce99211a70a3be
ip: 84.255.151.71
firstlogin: 1461303655318.000000
lastlogin: 1461303655326.000000
...
