---
password: 601f1889667efaebb33b8c12572835da3f027f78
ip: 5.149.106.50
firstlogin: 1461313867027.000000
lastlogin: 1461313867030.000000
...
