---
password: 148383437117c5271c8d78672c0b3417dbb9be0d
ip: 100.8.101.147
firstlogin: 1461278673287.000000
lastlogin: 1461503300852.000000
...
