---
password: 1c2b0d17c738509518ecc6efa233ee6c10e724f2
ip: 103.47.132.94
firstlogin: 1461366752023.000000
lastlogin: 1461366752030.000000
...
