---
password: 8238d5a3f723fbfa325b93b2a6aa7802bb7cddaf
ip: 78.174.44.148
firstlogin: 1460986499652.000000
lastlogin: 1460986499654.000000
...
