---
password: 102712c7c9c04b6de722daab600a940197bb15ab
ip: 172.56.6.76
firstlogin: 1462578105486.000000
lastlogin: 1462578112672.000000
...
