---
password: 0b7fdf517388c9c12fd538eac68cc32c7529c3e5
ip: 124.104.237.176
firstlogin: 1461377090459.000000
lastlogin: 1461377090464.000000
...
