---
password: 4abd7343d3dc3f0b85a2c512e5a2a645bd57615b
ip: 96.241.227.238
firstlogin: 1461428907906.000000
lastlogin: 1461428907913.000000
...
