---
password: 01b307acba4f54f55aafc33bb06bbbf6ca803e9a
ip: 174.6.140.13
firstlogin: 1461281262618.000000
lastlogin: 1461281262627.000000
...
