---
password: 1cdf058b1f5012052bd0a202ac20d31919161b50
ip: 213.87.147.190
firstlogin: 1461317193813.000000
lastlogin: 1461317193816.000000
...
