---
password: 767bc1e5f5598fac2ed3cc6257943d6c5f59caa2
ip: 98.15.131.103
firstlogin: 1461343646721.000000
lastlogin: 1461343646724.000000
...
