---
password: 4bad35fb97913078273e2da7b9658aa8c7c965a7
ip: 112.198.118.217
firstlogin: 1461085585346.000000
lastlogin: 1461085585350.000000
...
