---
password: 273d4075a5f5d09d5cf5a7eb3ffe5e5b6077ebaf
ip: 2.89.149.122
firstlogin: 1461321062994.000000
lastlogin: 1461321062996.000000
...
