---
password: 03ff27b9d67e747db9673b9bd077e513d742c989
ip: 185.136.133.15
firstlogin: 1461519023440.000000
lastlogin: 1461519023443.000000
...
