---
password: 4d3db9919aa69242c9d0c5fcd52d0486c5d416c1
ip: 151.242.105.105
firstlogin: 1461344693245.000000
lastlogin: 1461344693247.000000
...
