---
password: 32f3b6073cc8ac0743a0bac8942523a3576367c8
ip: 92.37.121.55
firstlogin: 1461001337399.000000
lastlogin: 1461001337403.000000
...
