---
password: 65859086902bb1aa2cd753afde58aaadd67c88a5
ip: 114.124.4.233
firstlogin: 1461310373693.000000
lastlogin: 1461327129943.000000
...
