---
password: 3068eca353622595dcd0ca05129deaace590f022
ip: 216.49.9.78
firstlogin: 1461420732973.000000
lastlogin: 1461420732979.000000
...
