---
password: 1b4c4352f52e05e0b53239e0a0f7bbf2386d4130
ip: 189.131.98.5
firstlogin: 1461358365330.000000
lastlogin: 1461358365336.000000
...
