---
password: 3ec4216e24e7de47d06481350a8c50bfb6f42170
ip: 82.76.236.147
firstlogin: 1461321845530.000000
lastlogin: 1461321845535.000000
...
