---
password: 5388ec42f1eb13541f3f8dc340ef4a2b740e760a
ip: 201.127.225.208
firstlogin: 1461279869398.000000
lastlogin: 1461279869401.000000
...
