---
password: 30e32fcd467fcb2e9910636b99b49a4d171be7f3
ip: 86.170.87.250
firstlogin: 1460924488346.000000
lastlogin: 1461438741381.000000
...
