---
password: 5baa61e4c9b93f3f0682250b6cf8331b7ee68fd8
ip: 112.198.118.254
firstlogin: 1461290637577.000000
lastlogin: 1461290637579.000000
...
