---
password: 33a9e269dd782e92489a8e547b7ed582e0e1d42b
ip: 31.132.219.129
firstlogin: 1461326760604.000000
lastlogin: 1461326760606.000000
...
