---
password: 12c3973b75c661c2395fe4a865adf66c625c4fec
ip: 189.25.150.27
firstlogin: 1461281085273.000000
lastlogin: 1461281085337.000000
...
