---
password: 1df0790d70e2a49177068297a42328fe1cdb941b
ip: 36.80.113.119
firstlogin: 1462594756110.000000
lastlogin: 1462594756112.000000
...
