---
password: 8e1d560a3c15fa691ad81d54b03eaa447eb6f195
ip: 173.246.199.129
firstlogin: 1461377085017.000000
lastlogin: 1461377085020.000000
...
