---
password: 138e2e15a98854c3cf454c5e150fa16aad7a79e4
ip: 90.174.4.119
firstlogin: 1461331169472.000000
lastlogin: 1461331228342.000000
...
