---
password: 1c2b0d17c738509518ecc6efa233ee6c10e724f2
ip: 81.151.0.50
firstlogin: 1461266568429.000000
lastlogin: 1461266568441.000000
...
