---
password: 9793fb793f132d3b55151ad9e2ce2a601b98f203
ip: 213.87.122.3
firstlogin: 1461419983169.000000
lastlogin: 1461419983180.000000
...
