---
password: 3fabf8c8fb6808a9d3667919e62e92feb3ced4d9
ip: 37.237.192.239
firstlogin: 1461266924149.000000
lastlogin: 1461266924159.000000
...
