---
password: 26dead219b2888b16d9b401747510a94635fb2a3
ip: 64.250.40.193
firstlogin: 1461286909561.000000
lastlogin: 1461286909563.000000
...
