---
password: 2aae544c5aa9ff0f94a68fd0001bfc177378bc64
ip: 1.32.75.46
firstlogin: 1461302484044.000000
lastlogin: 1461302484048.000000
...
