---
password: 19c37fe0a5631d58d1f4eeffb0c6dfacbdcb159a
ip: 14.192.215.64
firstlogin: 1461338223408.000000
lastlogin: 1461338223410.000000
...
