---
password: 71943e1e2b66dfc3ca4a3aef0e2eb74f2e90a52e
ip: 61.6.230.73
firstlogin: 1461329386641.000000
lastlogin: 1461329386643.000000
...
