---
password: 575a52ef9e7090d14f223f82e756285a122699c0
ip: 64.180.162.10
firstlogin: 1462033009058.000000
lastlogin: 1462033009061.000000
...
