---
password: 98382381c520fd68ba35cf1ad9de4410c968c974
ip: 174.101.222.52
firstlogin: 1461272211132.000000
lastlogin: 1461272211135.000000
...
