---
password: 5baa61e4c9b93f3f0682250b6cf8331b7ee68fd8
ip: 97.119.160.107
firstlogin: 1461269818779.000000
lastlogin: 1461269818783.000000
...
