---
password: 79c5b08c68530d7c8471a2a94e67a207e6746e2b
ip: 66.87.150.132
firstlogin: 1461717960324.000000
lastlogin: 1461717960327.000000
...
