---
password: 1c2b0d17c738509518ecc6efa233ee6c10e724f2
ip: 139.195.121.26
firstlogin: 1461306678705.000000
lastlogin: 1461306678708.000000
...
