---
password: 20eabe5d64b0e216796e834f52d61fd0b70332fc
ip: 78.184.168.194
firstlogin: 1462038561871.000000
lastlogin: 1462038561873.000000
...
