---
password: 91e38e63b890fbb214c8914809fde03c73e7f24d
ip: 95.153.129.230
firstlogin: 1461346428199.000000
lastlogin: 1461346428202.000000
...
