---
password: 66486a0419b4d5e3c33f2e84b22104102d3dc2ea
ip: 141.155.177.125
firstlogin: 1460934524535.000000
lastlogin: 1460934524544.000000
...
