---
password: 91e38e63b890fbb214c8914809fde03c73e7f24d
ip: 177.247.74.207
firstlogin: 1461421384779.000000
lastlogin: 1461421384787.000000
...
