---
password: 333a0965b7110fb9af750ea32f5751a6f35692da
ip: 109.16.119.89
firstlogin: 1461271481571.000000
lastlogin: 1461271481579.000000
...
