---
password: 544263242f53926d2f1a5e8afff0a5ed401ad271
ip: 189.202.47.185
firstlogin: 1461287586474.000000
lastlogin: 1461287586476.000000
...
