---
password: 1391b813ccadd47220c590baf77c6894e7925f23
ip: 82.54.184.33
firstlogin: 1461334110999.000000
lastlogin: 1461334111001.000000
...
