---
password: 27d97cacb7c4325975571f6da5d8c5b2ecec416a
ip: 5.36.213.213
firstlogin: 1461002719104.000000
lastlogin: 1461002719107.000000
...
