---
password: 77a5f2b820983ce006fa2dd3b282914b23baa6d9
ip: 124.6.181.212
firstlogin: 1461303877765.000000
lastlogin: 1461303889551.000000
...
