---
password: 9039376d391ab7b8d1deee18a50c188a0906f689
ip: 186.209.104.132
firstlogin: 1461283171623.000000
lastlogin: 1461283171625.000000
...
