---
password: 0561ef7f1ddd7825226f5898b9620b3638eed180
ip: 177.237.175.51
firstlogin: 1461298442819.000000
lastlogin: 1461298442824.000000
...
