---
password: 1c2b0d17c738509518ecc6efa233ee6c10e724f2
ip: 93.65.196.206
firstlogin: 1462030254808.000000
lastlogin: 1462030254811.000000
...
