---
password: 1478e1f6dcc96b3b05f51ac4e2490f22a4caa4ba
ip: 122.109.45.231
firstlogin: 1461299206373.000000
lastlogin: 1461299206378.000000
...
