---
password: 68a658b44bbaefab3ef5cd231967195fc0ff9d69
ip: 47.32.142.24
firstlogin: 1461366817465.000000
lastlogin: 1461366817471.000000
...
