---
password: 1dc82a836a65ec6fc4ad9920d6c3535b3ff0359f
ip: 86.219.155.39
firstlogin: 1461369676701.000000
lastlogin: 1461431664158.000000
...
