---
password: 2263f7dc79b59d70156426379a0073aca55c2f57
ip: 189.163.234.98
firstlogin: 1461438413847.000000
lastlogin: 1461438413855.000000
...
