---
password: 723efb0d8d3a0ba32a8e44dcc9ee59223dbccc86
ip: 24.130.189.251
firstlogin: 1461980147815.000000
lastlogin: 1461980147819.000000
...
