---
password: 323fbd3c55a64335c9b2368b9924bb294c7bae28
ip: 84.1.159.6
firstlogin: 1461347458926.000000
lastlogin: 1461347458928.000000
...
