---
password: 1c2b0d17c738509518ecc6efa233ee6c10e724f2
ip: 67.234.25.153
firstlogin: 1461716069924.000000
lastlogin: 1461716080075.000000
...
