---
password: 0a94f5d7ed3f22566c7d8e8f163348858f5b8e30
ip: 85.52.27.155
firstlogin: 1461518206513.000000
lastlogin: 1461613319734.000000
...
