---
password: 553fec8c0ca4774b2131892e2e3f2c1d8607e630
ip: 151.76.92.65
firstlogin: 1461338101736.000000
lastlogin: 1461338101745.000000
...
