---
password: 2a1a8380dc25553e6638095f2ead9a923c746206
ip: 184.4.244.125
firstlogin: 1461373813679.000000
lastlogin: 1461373813682.000000
...
