---
password: 9df85dd955388bea1a032b5e7b42e628f774ac89
ip: 74.78.207.36
firstlogin: 1461358468017.000000
lastlogin: 1461358468031.000000
...
