---
password: 9b334ad57bf9ae22ed4ba6af77b89598b6dac2df
ip: 92.83.254.248
firstlogin: 1460906499846.000000
lastlogin: 1461354797358.000000
...
