---
password: 82da0e8771396ba71961f89d4ce66aa23927a720
ip: 188.241.218.216
firstlogin: 1461311351239.000000
lastlogin: 1461311351242.000000
...
