---
password: 1c2b0d17c738509518ecc6efa233ee6c10e724f2
ip: 129.208.25.168
firstlogin: 1461373665788.000000
lastlogin: 1461373665790.000000
...
