---
password: 4d9b324abd35c6c18a9d0dda3bb711c884cdc901
ip: 95.77.210.184
firstlogin: 1460997778330.000000
lastlogin: 1460997778333.000000
...
