---
password: 7c4a8d09ca3762af61e59520943dc26494f8941b
ip: 37.77.49.230
firstlogin: 1460998348736.000000
lastlogin: 1460998348738.000000
...
