---
password: 01b307acba4f54f55aafc33bb06bbbf6ca803e9a
ip: 212.253.150.3
firstlogin: 1461431077970.000000
lastlogin: 1461431077973.000000
...
