---
password: 24b6b6b48b89222c638b74d9f52788e8062d6d30
ip: 178.206.109.147
firstlogin: 1461421729289.000000
lastlogin: 1461421729298.000000
...
