---
password: 5a78babbb162531b3a16c55310a4e7228d68f2e9
ip: 93.76.218.242
firstlogin: 1461346150620.000000
lastlogin: 1461346150631.000000
...
