---
password: 1eab74394055d1b0765f75d292a653a883c7313e
ip: 98.208.18.249
firstlogin: 1461336284083.000000
lastlogin: 1462333489911.000000
...
