---
password: 20eabe5d64b0e216796e834f52d61fd0b70332fc
ip: 5.1.106.138
firstlogin: 1461264027410.000000
lastlogin: 1461264027415.000000
...
