---
password: 6db196571063a26483a17eda0b10b607b1727572
ip: 74.39.36.85
firstlogin: 1461318694255.000000
lastlogin: 1461318694257.000000
...
