---
password: 60d0e5faca90b12e4574c5cc3a7e9c3c6383fa84
ip: 178.221.46.46
firstlogin: 1461316047770.000000
lastlogin: 1461316047773.000000
...
