---
password: 8cb2237d0679ca88db6464eac60da96345513964
ip: 176.41.47.222
firstlogin: 1461307132916.000000
lastlogin: 1461307132919.000000
...
