---
password: 04d75a2467fc2c57c7dbf2ea5b497c244b9d1d22
ip: 24.42.184.13
firstlogin: 1461286838700.000000
lastlogin: 1461286838705.000000
...
