---
password: 0baeff7cb413c5d5dfbd7be27f9ffe5c8d055454
ip: 46.138.47.125
firstlogin: 1461002154802.000000
lastlogin: 1461002154805.000000
...
