---
password: 5b2d0c210c4a9fd6aeaf2eaedf8273be993c90c2
ip: 83.49.62.255
firstlogin: 1461263904723.000000
lastlogin: 1461263904731.000000
...
