---
password: 1147332f559d2c07e8bc70163cd81869104ea74b
ip: 184.39.151.191
firstlogin: 1461274752097.000000
lastlogin: 1461274752101.000000
...
