---
password: 824326b46778b94702c1974ab95a26d1b42d5e9d
ip: 98.228.63.4
firstlogin: 1461102412232.000000
lastlogin: 1461102412234.000000
...
