---
password: 89baf66322d74a3d66d5c75f5e294533da9b0623
ip: 84.117.1.221
firstlogin: 1461315368042.000000
lastlogin: 1461315368045.000000
...
