---
password: 0dd554aefdc83533a4a3aedc8bbc325c26ea96f6
ip: 108.234.140.208
firstlogin: 1461340494609.000000
lastlogin: 1461340494611.000000
...
