---
password: 77df5cea884ae4adb8ca6dd245e24a2fbe91df4b
ip: 216.254.194.40
firstlogin: 1460916040032.000000
lastlogin: 1461787426917.000000
...
