---
password: 9a613f809f948fb77a49140030f8f924fbe41e83
ip: 80.188.85.8
firstlogin: 1461357658184.000000
lastlogin: 1461357658186.000000
...
