---
password: 63a16f0c5bf8450173eac604f8e90fd4116cf7ff
ip: 36.82.254.101
firstlogin: 1461334088815.000000
lastlogin: 1461334088818.000000
...
