---
password: 061c3ff0f8697b57cd703255a772a6ce74c63b54
ip: 210.186.59.7
firstlogin: 1461301319063.000000
lastlogin: 1461301319066.000000
...
