---
password: 99efc50a9206bde3d7a8e694aad8e138ca7dc3f7
ip: 86.150.105.240
firstlogin: 1462120663920.000000
lastlogin: 1462120663928.000000
...
