---
password: 3acd0be86de7dcccdbf91b20f94a68cea535922d
ip: 51.36.208.53
firstlogin: 1461316219713.000000
lastlogin: 1461316227467.000000
...
