---
password: 71b9ff22c8bedd96783dbffdea739843ebf5bd5b
ip: 76.73.202.245
firstlogin: 1461289832171.000000
lastlogin: 1461289832173.000000
...
