---
password: 43820cf26a8c0d50d7ebb820c033165f0ac6ce60
ip: 138.0.23.6
firstlogin: 1461266163869.000000
lastlogin: 1461342594482.000000
...
