---
password: 58544731066b40421d421639b32cb9961d8544ca
ip: 193.194.107.78
firstlogin: 1460989613124.000000
lastlogin: 1460989613126.000000
...
