---
password: 8c768bc23c12bf9ba3653a69651587fffcca7fd5
ip: 188.24.127.251
firstlogin: 1461334887325.000000
lastlogin: 1461334887328.000000
...
