---
password: 11f6fbe9ed8153c091e0d3d1f320753321c808c8
ip: 177.103.161.242
firstlogin: 1461084256185.000000
lastlogin: 1461084256188.000000
...
