---
password: 1c7cb3209f315377575529b59957b808eeaaef58
ip: 75.169.30.56
firstlogin: 1462722429070.000000
lastlogin: 1462722429073.000000
...
