---
password: 624c22a8c8f8c93f18fe5ecd4713100c8d754507
ip: 5.13.104.63
firstlogin: 1461343757489.000000
lastlogin: 1461343757494.000000
...
