---
password: 6df76204111c344cd9e2c304d516999e1aeb0394
ip: 91.124.54.251
firstlogin: 1461335414859.000000
lastlogin: 1461335414862.000000
...
