---
password: 20eabe5d64b0e216796e834f52d61fd0b70332fc
ip: 79.115.177.81
firstlogin: 1461059655011.000000
lastlogin: 1461059655013.000000
...
