---
password: 5f4303074f89d787d40cedc941e573cd2e75dcc8
ip: 86.45.40.110
firstlogin: 1462116649046.000000
lastlogin: 1462190606210.000000
...
