---
password: 3cae128bcff288b540a26c86e3f936c2651b44b7
ip: 49.149.209.181
firstlogin: 1461292540981.000000
lastlogin: 1461292540983.000000
...
