---
password: 8094da7909a2baadab8214bbdff3c1b707731a2d
ip: 175.158.179.201
firstlogin: 1461373020309.000000
lastlogin: 1461373020311.000000
...
