---
password: 1c2b0d17c738509518ecc6efa233ee6c10e724f2
ip: 182.18.220.52
firstlogin: 1461761426235.000000
lastlogin: 1461761426238.000000
...
