---
password: 1c2b0d17c738509518ecc6efa233ee6c10e724f2
ip: 108.160.69.34
firstlogin: 1461288032188.000000
lastlogin: 1461288032190.000000
...
