---
password: 1c2b0d17c738509518ecc6efa233ee6c10e724f2
ip: 182.18.220.6
firstlogin: 1461425156649.000000
lastlogin: 1461425156658.000000
...
