---
password: 357cce699b30754b4b4a057a5d283932a0d86274
ip: 119.94.161.189
firstlogin: 1461772329909.000000
lastlogin: 1461772329911.000000
...
