---
password: 400f1b64dc7cbcf4f826f41babc39eca6f006ad1
ip: 50.172.198.127
firstlogin: 1461301905392.000000
lastlogin: 1461301905397.000000
...
