---
password: 2fe2960356eebe31ce828e315fdeec7ccb3e44a7
ip: 178.222.95.106
firstlogin: 1461338160713.000000
lastlogin: 1461338160716.000000
...
