---
password: 9daf2ffa7d5220028c9914deb229e317e09aed52
ip: 92.156.88.178
firstlogin: 1462204702728.000000
lastlogin: 1462204702730.000000
...
