---
password: 8ad700addc259541484938a6eb99b59f6244f1cb
ip: 1.32.75.193
firstlogin: 1461269931601.000000
lastlogin: 1461269931605.000000
...
