---
password: 7beae874348a7cce00225d2ffeb877f4359b50b4
ip: 94.123.226.217
firstlogin: 1461000256771.000000
lastlogin: 1461000256774.000000
...
