---
password: 34c6bb22ee5a19e658427648eaed60a44a34628f
ip: 37.77.49.81
firstlogin: 1461375183570.000000
lastlogin: 1461375183573.000000
...
