---
password: 1c2b0d17c738509518ecc6efa233ee6c10e724f2
ip: 79.112.65.87
firstlogin: 1461529081165.000000
lastlogin: 1461529081174.000000
...
