---
password: 8dc7c09356db0b1762fb140617d7375c0a5a4131
ip: 95.77.235.108
firstlogin: 1461313356152.000000
lastlogin: 1461313356154.000000
...
