---
password: 6566b60a9b98d2830930813c60c9c0e7c4b3da0d
ip: 72.188.251.7
firstlogin: 1461273332183.000000
lastlogin: 1461273332186.000000
...
