---
password: 1af542a586790578b916472667c4c3eaf19632ed
ip: 88.103.226.114
firstlogin: 1460997802095.000000
lastlogin: 1460997802238.000000
...
