---
password: 1c2b0d17c738509518ecc6efa233ee6c10e724f2
ip: 162.229.17.151
firstlogin: 1461981236233.000000
lastlogin: 1461981413602.000000
...
