---
password: 30b27ef541541ff641b5c1b7a4e81a06943c918e
ip: 62.196.168.221
firstlogin: 1460925028554.000000
lastlogin: 1461091869589.000000
...
