---
password: 99f72d497985364632c50c3ffc8eb1e0da13d09f
ip: 162.230.38.37
firstlogin: 1461099749397.000000
lastlogin: 1461099749415.000000
...
