---
password: 8cb71bc6dabe627d540548938fd0ba6a90213d01
ip: 75.163.151.161
firstlogin: 1462684038497.000000
lastlogin: 1462684038506.000000
...
