---
password: 96de5543d183d7de52ac5fa21c46fc811f673f89
ip: 94.241.96.154
firstlogin: 1461308469050.000000
lastlogin: 1461308469054.000000
...
