---
password: 48058e0c99bf7d689ce71c360699a14ce2f99774
ip: 186.224.138.232
firstlogin: 1461365379123.000000
lastlogin: 1461365379125.000000
...
