---
password: 5bfaf5fda05452ef2f9451c24744088e6f0c9f5d
ip: 208.54.38.206
firstlogin: 1461894050964.000000
lastlogin: 1461894050973.000000
...
