---
password: 2736fab291f04e69b62d490c3c09361f5b82461a
ip: 126.87.115.136
firstlogin: 1461448930353.000000
lastlogin: 1461448930362.000000
...
