---
password: 2bc8a556e9934c55ab47f23500873e03b8b4bcb3
ip: 173.247.6.191
firstlogin: 1461454396536.000000
lastlogin: 1461454396545.000000
...
