---
password: 5baa61e4c9b93f3f0682250b6cf8331b7ee68fd8
ip: 107.211.60.77
firstlogin: 1462119715042.000000
lastlogin: 1462227803391.000000
...
