---
password: 8a256fbe4580ff6ee2ffaa0011a05bc393813496
ip: 2.132.82.94
firstlogin: 1461304668193.000000
lastlogin: 1461304668195.000000
...
