---
password: 1c2b0d17c738509518ecc6efa233ee6c10e724f2
ip: 70.81.36.211
firstlogin: 1461366465816.000000
lastlogin: 1461366465818.000000
...
