---
password: 965d934f60a1c0a21121998e39b5eb503648ec07
ip: 173.171.27.31
firstlogin: 1461356089760.000000
lastlogin: 1461356089767.000000
...
