---
password: 02af6cfc1e7532da38116229c78ed96e30f8d654
ip: 88.64.69.241
firstlogin: 1461346924640.000000
lastlogin: 1461423615285.000000
...
