---
password: 499dfb3f7e6c5f7d40328d893b711c71f112c1c7
ip: 103.47.133.82
firstlogin: 1461842888974.000000
lastlogin: 1461842888983.000000
...
