---
password: 53f3c0b99facbcdc0504b64157f61aac9652f4a8
ip: 76.118.143.39
firstlogin: 1461075036449.000000
lastlogin: 1461113637358.000000
...
