---
password: 242a524488e6c3c952c3280d17e5229bfab25ceb
ip: 223.206.251.99
firstlogin: 1461305104435.000000
lastlogin: 1461305104438.000000
...
