---
password: 12317f3c0e6a5c8bb4715e20ab2b116d67a89fa4
ip: 69.247.47.142
firstlogin: 1461320729021.000000
lastlogin: 1461320729024.000000
...
