---
password: 4d9012b4a77a9524d675dad27c3276ab5705e5e8
ip: 187.147.10.193
firstlogin: 1461279569321.000000
lastlogin: 1461279569330.000000
...
