---
password: 3e16d9cd53b7c02c2d1d679a6f31fe16aaee0682
ip: 5.141.8.24
firstlogin: 1461383164759.000000
lastlogin: 1461383164762.000000
...
