---
password: 1c2b0d17c738509518ecc6efa233ee6c10e724f2
ip: 187.113.68.63
firstlogin: 1461357683095.000000
lastlogin: 1461503491360.000000
...
