---
password: 3d9128fb024eff2a0ea8be2cadcd96522f1af53e
ip: 179.211.189.142
firstlogin: 1462117438171.000000
lastlogin: 1462202999493.000000
...
