---
password: 214f568e18d45837b76ed022ba1135311650e63a
ip: 31.180.23.117
firstlogin: 1461343424719.000000
lastlogin: 1461343424725.000000
...
