---
password: 1f90327cfcac8d4371a3f16bd5697ec0eb2143a2
ip: 78.63.42.65
firstlogin: 1461298896492.000000
lastlogin: 1461298896495.000000
...
