---
password: 7110eda4d09e062aa5e4a390b0a572ac0d2c0220
ip: 2.134.63.173
firstlogin: 1461566107212.000000
lastlogin: 1461566107214.000000
...
