---
password: 438619a07fd98bc056d910a3789f06c0e31f863e
ip: 82.34.37.167
firstlogin: 1462198359131.000000
lastlogin: 1462198359134.000000
...
