---
password: 8f6c4f1adfae3299a0b8cd75cfd6cd1b83478a66
ip: 90.192.228.140
firstlogin: 1461000136960.000000
lastlogin: 1461509976629.000000
...
