---
password: 19ed5b9ce52dbdbcb45cd76c12ec6bdb806b7880
ip: 112.198.101.11
firstlogin: 1460949537810.000000
lastlogin: 1461596138516.000000
...
