---
password: 095abbae15af0ef6d01a8f418f14b0a346f5e6ba
ip: 72.200.212.182
firstlogin: 1460924066266.000000
lastlogin: 1460924066269.000000
...
