---
password: 0b2d293306511d90b3a9f23424fb9836760018cc
ip: 67.232.37.238
firstlogin: 1462727533928.000000
lastlogin: 1462728791903.000000
...
