---
password: 911bd03ea94118631d57dcb30070928e651537db
ip: 172.3.118.42
firstlogin: 1461427007028.000000
lastlogin: 1461427007033.000000
...
