---
password: 601f1889667efaebb33b8c12572835da3f027f78
ip: 37.106.93.16
firstlogin: 1461323876135.000000
lastlogin: 1461323876138.000000
...
