---
password: 9cacade2e3046d82928e9a2787d90b15509c0eb3
ip: 85.106.106.27
firstlogin: 1462645806994.000000
lastlogin: 1462645807003.000000
...
