---
password: 5158dc48d35ba1ab3e067e0c5f078b79d3a98403
ip: 104.10.29.190
firstlogin: 1462151920071.000000
lastlogin: 1462488901757.000000
...
