---
password: 6015f269d9540bc64f3006b46c52284594fb12fb
ip: 86.10.100.115
firstlogin: 1462645471885.000000
lastlogin: 1462645471890.000000
...
