---
password: 143106dfef8dd94d1779b1a01fa8aa8f2b20664c
ip: 121.54.44.88
firstlogin: 1461754457475.000000
lastlogin: 1461754457477.000000
...
