---
password: 63a976d74431a3f202b4d7426c9bec432c7154a8
ip: 112.202.56.20
firstlogin: 1461272180907.000000
lastlogin: 1461272180925.000000
...
