---
password: 6ecc5ccf712a8cff5e03b19326bdadb8f3f55605
ip: 173.64.56.159
firstlogin: 1461517967340.000000
lastlogin: 1461517967342.000000
...
