---
password: 01b307acba4f54f55aafc33bb06bbbf6ca803e9a
ip: 171.96.172.76
firstlogin: 1460956813128.000000
lastlogin: 1461043310605.000000
...
