---
password: 6db186cc1b5d3b3126c0a9d79550edafc522c6cc
ip: 151.72.28.171
firstlogin: 1461273652155.000000
lastlogin: 1461273652158.000000
...
