---
password: 77a5f2b820983ce006fa2dd3b282914b23baa6d9
ip: 81.83.2.115
firstlogin: 1461519049431.000000
lastlogin: 1461519109822.000000
...
