---
password: 667e624fb37408ba37177b3807fafa63c5a8332a
ip: 49.146.160.123
firstlogin: 1462163163980.000000
lastlogin: 1462163163982.000000
...
