---
password: 1d470fa136e53bf373ff9a7f799b25ec305f32a8
ip: 71.49.157.33
firstlogin: 1461715535330.000000
lastlogin: 1461715535332.000000
...
