---
password: 8fbcb4197d9337a6801bce838eb7a83843b5724a
ip: 81.11.202.47
firstlogin: 1461353047176.000000
lastlogin: 1461502470633.000000
...
