---
password: 7c4a8d09ca3762af61e59520943dc26494f8941b
ip: 101.109.21.5
firstlogin: 1461571153059.000000
lastlogin: 1461589298768.000000
...
