---
password: 1515438a5f03f1c4b1a838de259aef736533a16f
ip: 94.15.174.157
firstlogin: 1461517663019.000000
lastlogin: 1461517663021.000000
...
