---
password: 5946615b7de446213d52c804fb4157139a400d90
ip: 67.223.23.124
firstlogin: 1461372184678.000000
lastlogin: 1461372184683.000000
...
