---
password: 43e7d54281aeb163067ec175438756c64bb8a205
ip: 65.31.181.113
firstlogin: 1462023715620.000000
lastlogin: 1462023715625.000000
...
