---
password: 9476ee3a0711279dc7e312e0b81cb35ff48075e9
ip: 67.181.219.179
firstlogin: 1461428728775.000000
lastlogin: 1461428728778.000000
...
