---
password: 85220b030b946924747feafa26ce61c36a12c861
ip: 81.213.161.52
firstlogin: 1461261576090.000000
lastlogin: 1461261576093.000000
...
