---
password: 1b876e904f3b800a6ba77d7830dcef849702e81b
ip: 67.184.60.78
firstlogin: 1462031119860.000000
lastlogin: 1462147965928.000000
...
