---
password: 1c2b0d17c738509518ecc6efa233ee6c10e724f2
ip: 112.208.187.73
firstlogin: 1461624105734.000000
lastlogin: 1461624105742.000000
...
