---
password: 5af9c3959a9bd7b25614beea8954059e8eb478a1
ip: 92.14.216.91
firstlogin: 1461341931139.000000
lastlogin: 1461341931141.000000
...
