---
password: 624c22a8c8f8c93f18fe5ecd4713100c8d754507
ip: 99.236.116.24
firstlogin: 1461792307884.000000
lastlogin: 1461792307891.000000
...
