---
password: 3869eac45d1248050cc530933db7805a32ef3599
ip: 76.31.29.166
firstlogin: 1461099534664.000000
lastlogin: 1461099534666.000000
...
