---
password: 68ff2113042a14150bc8cfd227338247528b71b7
ip: 174.59.63.111
firstlogin: 1461456337870.000000
lastlogin: 1461518717306.000000
...
