---
password: 1c2b0d17c738509518ecc6efa233ee6c10e724f2
ip: 104.172.101.37
firstlogin: 1462419243773.000000
lastlogin: 1462419243775.000000
...
