---
password: 4907b3a4d4d0be70faa32f63898dfe1d9121ad8b
ip: 73.22.96.106
firstlogin: 1461271003655.000000
lastlogin: 1461271003658.000000
...
