---
password: 03b3fbab9d6dad1affb2da94f07ae2719e0ca3f9
ip: 75.138.63.186
firstlogin: 1462031651497.000000
lastlogin: 1462031651504.000000
...
