---
password: 16a8c5de02f97932999739c96c9ff7f7e2d7bfb9
ip: 41.242.136.8
firstlogin: 1461375532354.000000
lastlogin: 1461375532359.000000
...
