---
password: 1c2b0d17c738509518ecc6efa233ee6c10e724f2
ip: 108.210.172.98
firstlogin: 1462629166788.000000
lastlogin: 1462629270006.000000
...
