---
password: 0141398c0ed3abee6bbbbf71f02fa5419f0a9dec
ip: 190.83.188.106
firstlogin: 1462118935813.000000
lastlogin: 1462118935824.000000
...
