---
password: 7c4a8d09ca3762af61e59520943dc26494f8941b
ip: 95.186.85.56
firstlogin: 1461278995816.000000
lastlogin: 1461431822946.000000
...
