---
password: 771ee4458ab58869109a76a56ed396d97bfabf2c
ip: 78.161.7.0
firstlogin: 1462117651656.000000
lastlogin: 1462117651659.000000
...
