---
password: 7c4a8d09ca3762af61e59520943dc26494f8941b
ip: 105.159.220.129
firstlogin: 1461344586559.000000
lastlogin: 1461344586561.000000
...
