---
password: 6c01d60c3d76c1cb0620b36829b3ce699185269d
ip: 120.88.255.104
firstlogin: 1462709378879.000000
lastlogin: 1462709378887.000000
...
