---
password: 93192632a3eb18b3bcc9e3ccbfff468f75894037
ip: 212.112.123.147
firstlogin: 1462728297192.000000
lastlogin: 1462728297203.000000
...
