---
password: 23f82cf1da8640f085ef09ccfa299ef5e052e981
ip: 92.146.65.78
firstlogin: 1461355273321.000000
lastlogin: 1461424653674.000000
...
