---
password: 45e8e9dcba1cb2dae15e0afd2d39a8201734828b
ip: 93.212.131.98
firstlogin: 1461000727130.000000
lastlogin: 1461000727133.000000
...
