---
password: 7c4a8d09ca3762af61e59520943dc26494f8941b
ip: 24.241.22.85
firstlogin: 1461280052167.000000
lastlogin: 1461280052213.000000
...
