---
password: 85a7de6e270547e88998d71994b1464d01295177
ip: 100.8.22.135
firstlogin: 1460909477371.000000
lastlogin: 1460943307816.000000
...
