---
password: 30643e2a2905c851b212a0886a53a085ad97823a
ip: 112.207.28.49
firstlogin: 1461547086120.000000
lastlogin: 1461547091178.000000
...
