---
password: 07c879eeb0d90bb168bb58b893ea8e24fe3528fd
ip: 97.92.56.180
firstlogin: 1461293823415.000000
lastlogin: 1461293823419.000000
...
