---
password: 1c2b0d17c738509518ecc6efa233ee6c10e724f2
ip: 82.45.66.77
firstlogin: 1461264598391.000000
lastlogin: 1461264598394.000000
...
