---
password: 09bda8f27fe71a2e09139dc77859a770138b11c6
ip: 24.114.53.70
firstlogin: 1461031169933.000000
lastlogin: 1461031169935.000000
...
