---
password: 6a9ec17e76997d9936d0d1d65c0ad24f1886f54a
ip: 77.99.14.120
firstlogin: 1462116980129.000000
lastlogin: 1462116980137.000000
...
