---
password: 5c29184f7844e62f4b0a18b08f7642de566cf26b
ip: 112.198.75.36
firstlogin: 1461371841845.000000
lastlogin: 1461371841847.000000
...
