---
password: 6ef24d302202dc62c0c7d749874fd0c90a6159cb
ip: 5.18.76.255
firstlogin: 1461301947304.000000
lastlogin: 1461301947313.000000
...
