---
password: 024770a3ca4f9de5d519e22b58e3444e3a6270ba
ip: 36.69.145.17
firstlogin: 1461312736930.000000
lastlogin: 1461312736933.000000
...
