---
password: 1c2b0d17c738509518ecc6efa233ee6c10e724f2
ip: 69.128.173.127
firstlogin: 1461001300571.000000
lastlogin: 1461003324512.000000
...
