---
password: 74b777b66c36d5aa6586f78d36fc685a3a064315
ip: 173.2.158.176
firstlogin: 1461849602392.000000
lastlogin: 1461849602394.000000
...
