---
password: 3b7f71cc2ab8971bc1b6e987538aed29e375817f
ip: 86.32.101.27
firstlogin: 1462207278420.000000
lastlogin: 1462515740761.000000
...
