---
password: 9d25f3b6ab8cfba5d2d68dc8d062988534a63e87
ip: 76.218.198.57
firstlogin: 1462591979228.000000
lastlogin: 1462591979230.000000
...
