---
password: 250e77f12a5ab6972a0895d290c4792f0a326ea8
ip: 58.106.135.126
firstlogin: 1461966923093.000000
lastlogin: 1461985508258.000000
...
