---
password: 4b1876476be88a1a5a3d9b50572a0097233778e8
ip: 50.4.63.124
firstlogin: 1462497317962.000000
lastlogin: 1462536805465.000000
...
