---
password: 550dc792a744a8b1d3e6c155b525dfd64479a77c
ip: 109.154.42.177
firstlogin: 1461344552463.000000
lastlogin: 1461438806341.000000
...
