---
password: 39cebfad161e838026b367a33659e709a3bc8b6b
ip: 41.47.9.1
firstlogin: 1461265749427.000000
lastlogin: 1461422829064.000000
...
