---
password: 1c2b0d17c738509518ecc6efa233ee6c10e724f2
ip: 124.13.209.247
firstlogin: 1461057253409.000000
lastlogin: 1461057253411.000000
...
