---
password: 0e6900e0956736cc804cec6168f5878dc4659206
ip: 78.180.208.130
firstlogin: 1461341232571.000000
lastlogin: 1461341232574.000000
...
