---
password: 2da5b5c6c00c9976b834279fe4d9cec03368bbbc
ip: 84.157.205.124
firstlogin: 1462106980387.000000
lastlogin: 1462106980390.000000
...
