---
password: 4ebb4595eab529e499b9b866707a956aee2bf4ab
ip: 188.97.129.200
firstlogin: 1461349776678.000000
lastlogin: 1461349776681.000000
...
