---
password: 437d82f1f3cee690e5c68063ce721382a6645824
ip: 69.130.156.35
firstlogin: 1462024312778.000000
lastlogin: 1462024312784.000000
...
