---
password: 21eda766e231e0037db33cfc839132a416dc7f2c
ip: 78.131.162.41
firstlogin: 1461368298443.000000
lastlogin: 1461368298447.000000
...
