---
password: 08199a9aec7db5cfb3e30897c6770539ea27cf64
ip: 200.193.151.211
firstlogin: 1461268632287.000000
lastlogin: 1461268661533.000000
...
