---
password: 601f1889667efaebb33b8c12572835da3f027f78
ip: 37.106.147.2
firstlogin: 1461585238426.000000
lastlogin: 1461585238429.000000
...
