---
password: 5a437aa20a375e47846401437ddad14fd26645a7
ip: 172.56.26.240
firstlogin: 1461421495658.000000
lastlogin: 1461429573108.000000
...
