---
password: 079562a7b615ce8711cd642bf5c81a027c4e426f
ip: 70.115.165.236
firstlogin: 1461295949216.000000
lastlogin: 1461295949218.000000
...
