---
password: 4dc73741b9473168444fab7e680b439ba69f41ec
ip: 86.158.86.168
firstlogin: 1461515646851.000000
lastlogin: 1461515646853.000000
...
