---
password: 5e629cd2e3e80c51e1e07c5f3119d6f663c0a8a9
ip: 178.67.12.64
firstlogin: 1461340213776.000000
lastlogin: 1461340213778.000000
...
