---
password: 45250485f6def741f5dfc2a5a6e822bf7fda794e
ip: 36.83.225.96
firstlogin: 1462676066726.000000
lastlogin: 1462676066734.000000
...
