---
password: 91aac52814dd1b779d613b2408ae8dbdac68b8ef
ip: 202.67.33.46
firstlogin: 1461327984723.000000
lastlogin: 1461725722670.000000
...
