---
password: 15c509e6306bdc1ae825269a0adc7e1375ee0dd4
ip: 24.44.146.61
firstlogin: 1461535644950.000000
lastlogin: 1461535644953.000000
...
