---
password: 7565b44fd73d63fa2c804a8534a0b79ed774d78e
ip: 75.142.107.206
firstlogin: 1461301001582.000000
lastlogin: 1461301001587.000000
...
