---
password: 1c2b0d17c738509518ecc6efa233ee6c10e724f2
ip: 176.199.36.88
firstlogin: 1461329604249.000000
lastlogin: 1461329604251.000000
...
