---
password: 0d0e407964576f2de3206450552dac79e2f1088b
ip: 104.51.240.88
firstlogin: 1461516247454.000000
lastlogin: 1461516247462.000000
...
