---
password: 141426feb6c86df7f11c5775e0d1ee6fc3a84ba1
ip: 72.23.110.20
firstlogin: 1461115697892.000000
lastlogin: 1461115697894.000000
...
