---
password: 1c2b0d17c738509518ecc6efa233ee6c10e724f2
ip: 172.248.156.135
firstlogin: 1461300520105.000000
lastlogin: 1461300520108.000000
...
