---
password: 5f724cdd669f59777d6258b2fe08fff76dbe221e
ip: 190.80.64.168
firstlogin: 1461773436859.000000
lastlogin: 1461773436861.000000
...
