---
password: 607f6f75d0f9d92418b13dd62d45bd825b31006a
ip: 88.102.123.176
firstlogin: 1461349628416.000000
lastlogin: 1461349650276.000000
...
