---
password: 5baa61e4c9b93f3f0682250b6cf8331b7ee68fd8
ip: 174.95.43.150
firstlogin: 1462660617740.000000
lastlogin: 1462660617748.000000
...
