---
password: 4af40b93391d6ef3758964c430a512bc0a70760a
ip: 86.126.105.223
firstlogin: 1461269294805.000000
lastlogin: 1461269294808.000000
...
