---
password: 5baa61e4c9b93f3f0682250b6cf8331b7ee68fd8
ip: 49.189.94.73
firstlogin: 1461754065993.000000
lastlogin: 1461754065996.000000
...
