---
password: 1c2b0d17c738509518ecc6efa233ee6c10e724f2
ip: 217.71.57.37
firstlogin: 1462622334977.000000
lastlogin: 1462622334980.000000
...
