---
password: 1c2b0d17c738509518ecc6efa233ee6c10e724f2
ip: 94.21.223.100
firstlogin: 1461335706699.000000
lastlogin: 1461335706702.000000
...
