---
password: 515aa4cd0a90c3e158551d30c9fd0da58bdd6798
ip: 24.241.193.187
firstlogin: 1461364334330.000000
lastlogin: 1461364334332.000000
...
