---
password: 77a5f2b820983ce006fa2dd3b282914b23baa6d9
ip: 148.74.195.12
firstlogin: 1462635165019.000000
lastlogin: 1462667232629.000000
...
