---
password: 85568b20c3315286c4dfebb330b25146f92bed66
ip: 82.27.204.19
firstlogin: 1461351349035.000000
lastlogin: 1461351349041.000000
...
