---
password: 0fc81094a18a101d41975217dbd05113895e4a28
ip: 78.165.229.130
firstlogin: 1461529180451.000000
lastlogin: 1461529180462.000000
...
