---
password: 8c4cce060136c10f2f0d6f2cbeb5122b2b58eaa5
ip: 89.24.231.180
firstlogin: 1461332960118.000000
lastlogin: 1461332960120.000000
...
