---
password: 1c2b0d17c738509518ecc6efa233ee6c10e724f2
ip: 99.239.166.150
firstlogin: 1462331998682.000000
lastlogin: 1462331998686.000000
...
