---
password: 624c22a8c8f8c93f18fe5ecd4713100c8d754507
ip: 2.29.191.54
firstlogin: 1461614962387.000000
lastlogin: 1461614962389.000000
...
