---
password: 7e212ada6e0811932ad8032a35d86574704b2b03
ip: 50.147.52.222
firstlogin: 1460914533297.000000
lastlogin: 1460914533300.000000
...
