---
password: 1314947f2b85c3fd13c9d1d88288806862b83c6b
ip: 203.59.136.232
firstlogin: 1462364591516.000000
lastlogin: 1462364594213.000000
...
