---
password: 792c871b9bfc0fd51a450b34c162f76ede125f13
ip: 177.155.212.230
firstlogin: 1461113041025.000000
lastlogin: 1461113041030.000000
...
