---
password: 3321edc3ee634b633cae6d2d6aa2136fd581e984
ip: 177.8.67.72
firstlogin: 1461369442009.000000
lastlogin: 1461369442011.000000
...
