---
password: 7aa16a4a0916cefdb07b278b66c3f8e6f9bf423d
ip: 190.159.174.141
firstlogin: 1462141748214.000000
lastlogin: 1462142055202.000000
...
