---
password: 1c2b0d17c738509518ecc6efa233ee6c10e724f2
ip: 92.227.219.247
firstlogin: 1461343335633.000000
lastlogin: 1461343335636.000000
...
