---
password: 5fc8ef867bbee3dec3b082260f733dc861e6e024
ip: 192.180.68.29
firstlogin: 1460912410379.000000
lastlogin: 1461803577672.000000
...
