---
password: 9363316a20eff22ed81af82befb6f9b87dfafb47
ip: 73.226.23.2
firstlogin: 1462070107055.000000
lastlogin: 1462322833169.000000
...
