---
password: 5fcbd88283b0efa7a59955597f5edfe1928323d8
ip: 87.195.21.102
firstlogin: 1462112808929.000000
lastlogin: 1462119286459.000000
...
