---
password: 8369083fc067cd825d6a87b5916dea264dc9017a
ip: 70.122.193.246
firstlogin: 1461361927467.000000
lastlogin: 1461361927470.000000
...
