---
password: 77a5f2b820983ce006fa2dd3b282914b23baa6d9
ip: 86.8.58.161
firstlogin: 1461352355015.000000
lastlogin: 1461352364741.000000
...
