---
password: 576b8ed65db71ae4fe8233978c8d88657431b47b
ip: 108.243.65.147
firstlogin: 1462324879070.000000
lastlogin: 1462324879073.000000
...
