---
password: 7344e185579aa70ac80046480e4b3549de0d063d
ip: 182.239.197.250
firstlogin: 1461834680329.000000
lastlogin: 1461834680337.000000
...
