---
password: 7c3dda70d76bc86969357eab3271440eb812fa88
ip: 24.253.240.187
firstlogin: 1462044637615.000000
lastlogin: 1462044637621.000000
...
