---
password: 5af8b29205c501fda21923e05a5b65289506331b
ip: 82.27.46.197
firstlogin: 1462646322322.000000
lastlogin: 1462646322328.000000
...
