---
password: 9b99f50c87eee6f96bec8a7c9adaf0c215f0b396
ip: 213.174.2.124
firstlogin: 1460906845070.000000
lastlogin: 1461265249087.000000
...
