---
password: 4317d573cf3d89b5562dfef9f1b75186d99c46b1
ip: 71.104.177.47
firstlogin: 1461291882498.000000
lastlogin: 1461291882502.000000
...
