---
password: 15b615bb3615ad2b966f6866d4f4c5b6d9d3e72b
ip: 73.243.131.51
firstlogin: 1462108444836.000000
lastlogin: 1462108444841.000000
...
