---
password: 17bd33cd07ec277b8652d5a2347b673c2751bc36
ip: 31.51.85.26
firstlogin: 1461305350742.000000
lastlogin: 1461305350745.000000
...
