---
password: 550bd51d585e1bd38a84d35f4082d75f54ebc8e0
ip: 99.3.22.93
firstlogin: 1462549296629.000000
lastlogin: 1462549296631.000000
...
