---
password: 8be3c943b1609fffbfc51aad666d0a04adf83c9d
ip: 64.58.196.128
firstlogin: 1462669168932.000000
lastlogin: 1462669168938.000000
...
