---
password: 656fcb9bd400c8218dc4772053b6755abae8dc30
ip: 172.58.56.45
firstlogin: 1462665675244.000000
lastlogin: 1462665675252.000000
...
