---
password: 70c881d4a26984ddce795f6f71817c9cf4480e79
ip: 188.3.114.169
firstlogin: 1461349819803.000000
lastlogin: 1461349819806.000000
...
