---
password: 22c4cab971376c6111727d45f66e665fb88a2a0b
ip: 180.252.135.5
firstlogin: 1461048526019.000000
lastlogin: 1461048526021.000000
...
