---
password: 33bd69c77ff622bc929ffa9013ca7d50a3db67c1
ip: 179.97.190.147
firstlogin: 1461270375808.000000
lastlogin: 1461270375812.000000
...
