---
password: 1c2b0d17c738509518ecc6efa233ee6c10e724f2
ip: 96.243.49.72
firstlogin: 1462033838165.000000
lastlogin: 1462033838168.000000
...
