---
password: 4d6b0bee293dd7ebea67f94518a4154cac6dd2ea
ip: 179.183.231.26
firstlogin: 1461002205539.000000
lastlogin: 1461002205542.000000
...
