---
password: 39f8a5731b6a977caf2c0f7837a9ac1aee107b1f
ip: 173.79.254.41
firstlogin: 1461420623534.000000
lastlogin: 1461420623537.000000
...
