---
password: 9c105e4b1d6d45157d62e33869b4ac99d7170721
ip: 71.56.103.209
firstlogin: 1460939028189.000000
lastlogin: 1462673641321.000000
...
