---
password: 1c2b0d17c738509518ecc6efa233ee6c10e724f2
ip: 24.175.85.5
firstlogin: 1461285496172.000000
lastlogin: 1461285496174.000000
...
