---
password: 624c22a8c8f8c93f18fe5ecd4713100c8d754507
ip: 162.239.0.91
firstlogin: 1462589134157.000000
lastlogin: 1462589134160.000000
...
