---
password: 534c8dd9cad6cabeb2b09f132379185e2ffb85f0
ip: 67.168.38.21
firstlogin: 1461374141456.000000
lastlogin: 1461374141458.000000
...
