---
password: 5b270aaa1eea9dcd48637020d81051ab62aed5b5
ip: 112.210.24.144
firstlogin: 1461385280577.000000
lastlogin: 1461385280580.000000
...
