---
password: 4422fbe1ecf77c579f66ca4bf5973ed6c15cf253
ip: 82.45.170.224
firstlogin: 1461348618537.000000
lastlogin: 1461348618540.000000
...
