---
password: 5fa339bbbb1eeaced3b52e54f44576aaf0d77d96
ip: 77.162.60.150
firstlogin: 1462636384738.000000
lastlogin: 1462636384743.000000
...
