---
password: 5d7e8849cbb043fe4b0593bfefbd46b102e13339
ip: 107.203.108.227
firstlogin: 1462052024996.000000
lastlogin: 1462052025011.000000
...
