---
password: 5a9e9701aa7c2c276ec2ca3a952351440d9950e4
ip: 31.47.178.84
firstlogin: 1461304518305.000000
lastlogin: 1461304518308.000000
...
