---
password: 1c2b0d17c738509518ecc6efa233ee6c10e724f2
ip: 86.98.107.106
firstlogin: 1462335691472.000000
lastlogin: 1462335691479.000000
...
