---
password: 1c2b0d17c738509518ecc6efa233ee6c10e724f2
ip: 172.56.20.143
firstlogin: 1460832202005.000000
lastlogin: 1462113281652.000000
...
