---
password: 88b6a3f44b5423b13604ee20d0b41cd7fd9520fd
ip: 71.236.134.81
firstlogin: 1461302034914.000000
lastlogin: 1461302034920.000000
...
