---
password: 1c2b0d17c738509518ecc6efa233ee6c10e724f2
ip: 80.42.254.67
firstlogin: 1461339256422.000000
lastlogin: 1461339256424.000000
...
