---
password: 93f81dcdef7174d607ceb438f1b73730d41286ca
ip: 83.135.211.191
firstlogin: 1461073089880.000000
lastlogin: 1461073089898.000000
...
