---
password: 77a5f2b820983ce006fa2dd3b282914b23baa6d9
ip: 180.247.210.207
firstlogin: 1461288358657.000000
lastlogin: 1462368453000.000000
...
