---
password: 140c7ccb0406fe42a9fdced9bbba60048f7ee274
ip: 98.255.214.191
firstlogin: 1462153858198.000000
lastlogin: 1462153858209.000000
...
