---
password: 1d7068e0ebba37d9b545245e781508987e0fc59a
ip: 89.169.104.199
firstlogin: 1461421623578.000000
lastlogin: 1461421623585.000000
...
