---
password: 3e0d3f58e55f82f8222000b84ab16b74a2de2c94
ip: 88.135.200.18
firstlogin: 1462141195068.000000
lastlogin: 1462141195076.000000
...
