---
password: 07fe73af1f604a8033be8f794ba532a5040b3095
ip: 79.225.67.247
firstlogin: 1461307774240.000000
lastlogin: 1461307774242.000000
...
