---
password: 005d24bddf132b834f011eace7c674e664bb922d
ip: 90.195.62.186
firstlogin: 1462630713032.000000
lastlogin: 1462630713036.000000
...
