---
password: 326934ece227c6ab5d5f730ffbb3f86845c9c7db
ip: 46.135.96.11
firstlogin: 1461607875980.000000
lastlogin: 1461757989284.000000
...
