---
password: 2244a98f1039e1d9074111ecf3dd0f5928e85129
ip: 2.123.56.234
firstlogin: 1462621384854.000000
lastlogin: 1462621516706.000000
...
