---
password: 7122036ba59168cc6ccee1520bac50bd5732e3a6
ip: 178.223.24.17
firstlogin: 1461266886468.000000
lastlogin: 1461868232327.000000
...
