---
password: 3415e953ed50dd2ad221dddfd37728aa4d655d3f
ip: 188.254.157.232
firstlogin: 1461265298849.000000
lastlogin: 1461265298852.000000
...
