---
password: 5baa61e4c9b93f3f0682250b6cf8331b7ee68fd8
ip: 75.71.40.146
firstlogin: 1461303105583.000000
lastlogin: 1461303105586.000000
...
