---
password: 481902ec14eaf3fcfec6be82bd6a63b972ac517f
ip: 219.92.90.246
firstlogin: 1461314970189.000000
lastlogin: 1461314970191.000000
...
