---
password: 76efcc6ee48aa7efc8f0664290b161177d849d73
ip: 92.13.222.60
firstlogin: 1461365146795.000000
lastlogin: 1461365146799.000000
...
