---
password: 01310265909b06381af6af4d58bde755657c7ab4
ip: 68.201.0.174
firstlogin: 1462688335790.000000
lastlogin: 1462688335793.000000
...
