---
password: 1c2b0d17c738509518ecc6efa233ee6c10e724f2
ip: 180.242.202.90
firstlogin: 1462703717504.000000
lastlogin: 1462703717506.000000
...
