---
password: 5baa61e4c9b93f3f0682250b6cf8331b7ee68fd8
ip: 70.90.171.254
firstlogin: 1462652391646.000000
lastlogin: 1462652391648.000000
...
