---
password: 1c2b0d17c738509518ecc6efa233ee6c10e724f2
ip: 104.188.19.8
firstlogin: 1461300227870.000000
lastlogin: 1461300227872.000000
...
