---
password: 3213034b4c1eb149feb97ca18b6ff17f8df2d826
ip: 88.147.48.117
firstlogin: 1461347562910.000000
lastlogin: 1461347562912.000000
...
