---
password: 6ad9ea8680907b3d1fde16dd4ce781a81bea580f
ip: 75.72.80.250
firstlogin: 1461331181858.000000
lastlogin: 1461331181861.000000
...
