---
password: 7d24f3a862ba3ac92d22fd6af1844c4f78388ef2
ip: 209.81.98.193
firstlogin: 1461284495714.000000
lastlogin: 1461284495716.000000
...
