---
password: 1c2b0d17c738509518ecc6efa233ee6c10e724f2
ip: 184.176.121.149
firstlogin: 1461295825112.000000
lastlogin: 1462154810562.000000
...
