---
password: 0b0a45ffa0445f9b448b5c51250411f92323c28e
ip: 89.242.32.247
firstlogin: 1462382506369.000000
lastlogin: 1462382506378.000000
...
