---
password: 98244a6ebdbc46026c4488314e578ddb4ec2c53c
ip: 27.109.85.231
firstlogin: 1461335185325.000000
lastlogin: 1461419828095.000000
...
