---
password: 2d48eae5508441f039f0cbb463cb392043a3ee28
ip: 75.132.67.201
firstlogin: 1461428707052.000000
lastlogin: 1461428707054.000000
...
