---
password: 1c2b0d17c738509518ecc6efa233ee6c10e724f2
ip: 49.150.174.67
firstlogin: 1461303815697.000000
lastlogin: 1461303815703.000000
...
