---
password: 1c2b0d17c738509518ecc6efa233ee6c10e724f2
ip: 97.88.190.137
firstlogin: 1461019490739.000000
lastlogin: 1461456000477.000000
...
