---
password: 654c80579f50357c28c6738b5d501f9d0c5110aa
ip: 189.40.6.209
firstlogin: 1462712289125.000000
lastlogin: 1462712289128.000000
...
