---
password: 9e6181b1beb21234b37790acc908cc9bd6e5ffe4
ip: 121.1.11.179
firstlogin: 1462154100776.000000
lastlogin: 1462154100780.000000
...
