---
password: 1c2b0d17c738509518ecc6efa233ee6c10e724f2
ip: 192.161.76.42
firstlogin: 1461284645552.000000
lastlogin: 1461336107495.000000
...
