---
password: 047944125ca034874a7a880ad00335dc0aee418f
ip: 217.226.99.125
firstlogin: 1461359611844.000000
lastlogin: 1461359611848.000000
...
