---
password: 11d0b003fd17fc9110528eda926bedecc20fb7d1
ip: 187.49.204.218
firstlogin: 1461330213571.000000
lastlogin: 1461330213574.000000
...
