---
password: 331b598b7ff1d33959e55149dfbae753ec3e3e8e
ip: 189.157.161.11
firstlogin: 1461360566098.000000
lastlogin: 1461360566108.000000
...
