---
password: 93bd097897633210e27b63ce6cac0ba06f01aa1b
ip: 75.74.223.22
firstlogin: 1461384729695.000000
lastlogin: 1461384729699.000000
...
