---
password: 778b662c1ec689e1b26fd53b57556f686c57a7f6
ip: 67.176.131.135
firstlogin: 1461377432490.000000
lastlogin: 1461377432494.000000
...
