---
password: 4f6f1f9906774bc1e97b575ad038e4888018e18a
ip: 124.104.237.250
firstlogin: 1462435917512.000000
lastlogin: 1462435917514.000000
...
