---
password: 7da3dab9e1cea112547a0b7b487c76fba2542deb
ip: 73.52.204.112
firstlogin: 1462489493360.000000
lastlogin: 1462489493366.000000
...
