---
password: 45664ef23546ed1682d9b8e33c7fc84b9797edab
ip: 88.235.0.57
firstlogin: 1460917214469.000000
lastlogin: 1461514814562.000000
...
