---
password: 308ad2ea4ea641ff8252cb0c0851cc20a5509223
ip: 79.222.248.129
firstlogin: 1462646729761.000000
lastlogin: 1462646741825.000000
...
