---
password: 94f7c337e962de29a338fe450dbed6b433831ba4
ip: 185.18.62.69
firstlogin: 1461317895216.000000
lastlogin: 1461317895219.000000
...
