---
password: 6eada39a6ebafc46ccc4ab9b330096b397cf8f44
ip: 79.112.104.80
firstlogin: 1461337035082.000000
lastlogin: 1461381379352.000000
...
