---
password: 5cc834608245ab16d13d5494b1a2a00b7d0073a8
ip: 173.52.59.234
firstlogin: 1462141117994.000000
lastlogin: 1462142061125.000000
...
