---
password: 1d2f733a00fecd0784cd1eb6954be99145e84fa1
ip: 71.200.42.138
firstlogin: 1461280620686.000000
lastlogin: 1461280630600.000000
...
