---
password: 4d684b727057563806ee80801339ed7de1feb913
ip: 180.190.100.104
firstlogin: 1462152976686.000000
lastlogin: 1462152976695.000000
...
