---
password: 0070788b63644d15f672fbb2626bedfb31fef7a1
ip: 69.169.137.137
firstlogin: 1461286158904.000000
lastlogin: 1461286158907.000000
...
