---
password: 49208a9fa9f83bf9fa88166e5452ee10f876e91c
ip: 46.1.39.146
firstlogin: 1461343782063.000000
lastlogin: 1461343782076.000000
...
