---
password: 3ea1f0ecbda06d153dc097c900d05a6ba9617e8c
ip: 78.166.152.196
firstlogin: 1462119807970.000000
lastlogin: 1462119807976.000000
...
