---
password: 5baa61e4c9b93f3f0682250b6cf8331b7ee68fd8
ip: 70.67.185.198
firstlogin: 1461459201524.000000
lastlogin: 1461459201530.000000
...
