---
password: 8593880efb0b38ea34c924a9983d71539b8b8f57
ip: 151.228.63.190
firstlogin: 1461792389032.000000
lastlogin: 1461792389042.000000
...
