---
password: 28c4e93ce80038302f5def7361eab61b7a0893d0
ip: 112.204.179.172
firstlogin: 1461554898689.000000
lastlogin: 1461554898698.000000
...
