---
password: 603d7c174039cda5ed25de69558b0a7e4d1bfebc
ip: 107.218.21.124
firstlogin: 1461283929308.000000
lastlogin: 1461431037938.000000
...
