---
password: 060b3f146a34efdd3a9f4a09cdb6c92e03335e13
ip: 178.75.30.196
firstlogin: 1461310419980.000000
lastlogin: 1461310419982.000000
...
