---
password: 28bd78b8d204cf54c556c9b5c1b4e6a793882120
ip: 81.99.49.171
firstlogin: 1462194473870.000000
lastlogin: 1462194473872.000000
...
