---
password: 62f8bf71560ded9ced9feeba4a684f829c6956fc
ip: 37.135.236.187
firstlogin: 1460911331557.000000
lastlogin: 1460911331559.000000
...
