---
password: 33c73574fd93c04ceb2511de4097db7dd60b6425
ip: 177.92.253.181
firstlogin: 1461379329804.000000
lastlogin: 1461379329806.000000
...
