---
password: 0454df3b2eb656793cead7119fa829beade6f51b
ip: 71.65.219.51
firstlogin: 1462583937492.000000
lastlogin: 1462583937500.000000
...
