---
password: 3c00d3c7d2f7f73bedadebcc7f788f696912bab5
ip: 71.164.156.193
firstlogin: 1461881208079.000000
lastlogin: 1461881226136.000000
...
