---
password: 0794a5c7e497910d682bf2c54c66cc30760c0221
ip: 191.54.199.105
firstlogin: 1461247613243.000000
lastlogin: 1461247613253.000000
...
