---
password: 8be3c943b1609fffbfc51aad666d0a04adf83c9d
ip: 93.168.144.7
firstlogin: 1462686921852.000000
lastlogin: 1462686921857.000000
...
