---
password: 6bdc80c8779152ebaf9b2f25dc2cb8ca953234ed
ip: 58.164.4.185
firstlogin: 1461375193651.000000
lastlogin: 1461375193654.000000
...
