---
password: 778bd236f3eb780916366a869362b7de1fdf07ac
ip: 24.142.1.109
firstlogin: 1461039485741.000000
lastlogin: 1461039485744.000000
...
