---
password: 2eaa23e80e474faa233e3c91c0a371797f46039b
ip: 36.74.19.199
firstlogin: 1461248868947.000000
lastlogin: 1461248868953.000000
...
