---
password: 0c8cdf06815cdaee041c980a3b61d97ebc3b85f5
ip: 104.183.92.245
firstlogin: 1462661609758.000000
lastlogin: 1462661609767.000000
...
