---
password: 5437f4a0235bfdb65cfe9f4741825d69b80af319
ip: 216.16.219.84
firstlogin: 1462113202168.000000
lastlogin: 1462115079633.000000
...
