---
password: 1c2b0d17c738509518ecc6efa233ee6c10e724f2
ip: 104.173.177.142
firstlogin: 1462723373476.000000
lastlogin: 1462729141730.000000
...
