---
password: 624c22a8c8f8c93f18fe5ecd4713100c8d754507
ip: 78.167.71.214
firstlogin: 1461744037013.000000
lastlogin: 1461744037023.000000
...
