---
password: 3abed9e1c02eba10bd50b1771710a19575c1692a
ip: 88.244.94.243
firstlogin: 1461325841618.000000
lastlogin: 1461517614561.000000
...
