---
password: 2a164f7dfdede4b49eb3eac742d944a5da8cb1cc
ip: 123.136.106.223
firstlogin: 1461536844827.000000
lastlogin: 1461883072165.000000
...
