---
password: 744886382d015939ca9a05f1dbadef5aeac235bb
ip: 90.212.232.211
firstlogin: 1462202787099.000000
lastlogin: 1462202787102.000000
...
