---
password: 1c2b0d17c738509518ecc6efa233ee6c10e724f2
ip: 104.2.39.156
firstlogin: 1461372856743.000000
lastlogin: 1461372856745.000000
...
