---
password: 7c4a8d09ca3762af61e59520943dc26494f8941b
ip: 79.130.57.167
firstlogin: 1461420608054.000000
lastlogin: 1461420608062.000000
...
