---
password: 1c2b0d17c738509518ecc6efa233ee6c10e724f2
ip: 46.29.225.242
firstlogin: 1461327786584.000000
lastlogin: 1461327786600.000000
...
