---
password: 1c2b0d17c738509518ecc6efa233ee6c10e724f2
ip: 179.211.46.166
firstlogin: 1461287509110.000000
lastlogin: 1461287509118.000000
...
