---
password: 3bec60bede09f40525581b3eea4523f416f9b7b0
ip: 97.82.51.250
firstlogin: 1461549839365.000000
lastlogin: 1461549839368.000000
...
