---
password: 4c8974d4e604077af0e91af9517af90dbefd9005
ip: 174.59.117.214
firstlogin: 1461375236762.000000
lastlogin: 1461375236764.000000
...
