---
password: 1f6ccd2be75f1cc94a22a773eea8f8aeb5c68217
ip: 100.8.81.110
firstlogin: 1461373001446.000000
lastlogin: 1461378426576.000000
...
