---
password: 03d67c263c27a453ef65b29e30334727333ccbcd
ip: 119.95.105.5
firstlogin: 1461319556769.000000
lastlogin: 1461319556771.000000
...
