---
password: 23aca480052971f4e69db77e1de64f00d73e5cae
ip: 86.157.103.58
firstlogin: 1462188323299.000000
lastlogin: 1462724184312.000000
...
