---
password: 1577aa02bb95586cce97b3de3eeaeaf69c692d3c
ip: 37.229.144.131
firstlogin: 1461326010102.000000
lastlogin: 1461326010105.000000
...
