---
password: 36d59a2150ae58375820cb22cdfc4f247cd6b593
ip: 184.167.85.194
firstlogin: 1461038860707.000000
lastlogin: 1461038860716.000000
...
