---
password: 047acdb795860d77084bde960291f27932705845
ip: 191.249.28.190
firstlogin: 1462630319008.000000
lastlogin: 1462630319010.000000
...
