---
password: 494ac1ff27060e08c2c7c3b190d361b6b3f49c18
ip: 138.219.243.27
firstlogin: 1461353332304.000000
lastlogin: 1461353332309.000000
...
