---
password: 7c4a8d09ca3762af61e59520943dc26494f8941b
ip: 177.106.225.29
firstlogin: 1461370166896.000000
lastlogin: 1461434576898.000000
...
