---
password: 9414f89b72e13a53f03d1fd7471cdfe3d8f281d8
ip: 89.137.123.193
firstlogin: 1461270991648.000000
lastlogin: 1461514664625.000000
...
