---
password: 60808e5a631a336c6f38ea2f972eed8a451c3cdb
ip: 78.164.34.240
firstlogin: 1461273455993.000000
lastlogin: 1461273455996.000000
...
