---
password: 17158f424e89652e1c9ea2d7337c8cb4068bfca9
ip: 92.104.98.251
firstlogin: 1461001078258.000000
lastlogin: 1461001078260.000000
...
