---
password: 03d67c263c27a453ef65b29e30334727333ccbcd
ip: 68.4.77.36
firstlogin: 1461438141143.000000
lastlogin: 1461438141150.000000
...
