---
password: 7fa8ea7c0a47abfdabc58dcefafb50165c6aa93a
ip: 5.65.10.159
firstlogin: 1461591196963.000000
lastlogin: 1461591196966.000000
...
