---
password: 3d5de82dbe993d6c9bc0d24f504468cfaebdd63e
ip: 190.62.107.220
firstlogin: 1461272307400.000000
lastlogin: 1461272307403.000000
...
