---
password: 8b417c3f2d17173e72256beda2c430b649a80a77
ip: 180.190.89.243
firstlogin: 1461792804057.000000
lastlogin: 1461792804059.000000
...
