---
password: 4d580c9d89852621909cc40115750eeac248b59a
ip: 108.219.181.167
firstlogin: 1462633142035.000000
lastlogin: 1462633142042.000000
...
