---
password: 3824908ffe547cba66d50e28fe78849700486f09
ip: 72.93.160.180
firstlogin: 1462639209032.000000
lastlogin: 1462639209041.000000
...
