---
password: 467b11366309dfe205b5d6c4ea1a76199ed4fb95
ip: 65.185.127.242
firstlogin: 1462148917227.000000
lastlogin: 1462148917234.000000
...
