---
password: 5820bf00398a98ca764957c6574624be75eff9ed
ip: 216.170.192.81
firstlogin: 1462677806405.000000
lastlogin: 1462677806411.000000
...
