---
password: 8c710486ceb03f08de3ebdae34ead9f249a2f699
ip: 86.126.42.140
firstlogin: 1461301365993.000000
lastlogin: 1461335769798.000000
...
