---
password: 7779b3f7f39d965576b16f41a5e737881fa7d670
ip: 103.252.200.115
firstlogin: 1461347171190.000000
lastlogin: 1461347171192.000000
...
