---
password: 7c4a8d09ca3762af61e59520943dc26494f8941b
ip: 188.76.130.207
firstlogin: 1460920886100.000000
lastlogin: 1461509658755.000000
...
