---
password: 888dfd64e02e37fd7567f32762e25a9e0f3da79a
ip: 174.106.119.170
firstlogin: 1460940480401.000000
lastlogin: 1460940480405.000000
...
