---
password: 5baa61e4c9b93f3f0682250b6cf8331b7ee68fd8
ip: 70.198.35.173
firstlogin: 1460934648914.000000
lastlogin: 1461108870299.000000
...
