---
password: 9c7c65354863a53a302d140cd819b331c8ee9408
ip: 219.110.136.140
firstlogin: 1461307156617.000000
lastlogin: 1461307156620.000000
...
