---
password: 1c2b0d17c738509518ecc6efa233ee6c10e724f2
ip: 37.113.190.195
firstlogin: 1461387534080.000000
lastlogin: 1461387534085.000000
...
