---
password: 2607ac14a2a161d1e54ba7a41de400bcd65669fa
ip: 92.39.203.55
firstlogin: 1461433404039.000000
lastlogin: 1461433404049.000000
...
