---
password: 15af3e583cb35d07a48cba38f40ed7a7aea39343
ip: 68.43.43.4
firstlogin: 1461277653872.000000
lastlogin: 1461277653875.000000
...
