---
password: 71e1045a1be438cc3b354401f6f7c3aaabcfdc4b
ip: 96.60.209.127
firstlogin: 1462236314298.000000
lastlogin: 1462236314633.000000
...
