---
password: 5d66a730d5dc51e0b5b5108efedc44dcfb6ca45e
ip: 112.210.73.94
firstlogin: 1461311433143.000000
lastlogin: 1461311433146.000000
...
