---
password: 77a5f2b820983ce006fa2dd3b282914b23baa6d9
ip: 90.220.107.186
firstlogin: 1461265241860.000000
lastlogin: 1461265241865.000000
...
