---
password: 586adcf16d0fb64c735e8cf6b15f7febf7dc604a
ip: 187.212.57.218
firstlogin: 1461377509787.000000
lastlogin: 1461377509789.000000
...
