---
password: 8d6e111718889b1586a4f8e5c162e8c6f9f327fb
ip: 76.186.77.122
firstlogin: 1461322698346.000000
lastlogin: 1461322698348.000000
...
