---
password: 55a1b02046146d34402fe09cb93b568de962bcde
ip: 179.125.24.14
firstlogin: 1461367107317.000000
lastlogin: 1461367107320.000000
...
