---
password: 041c8bcf4199a4afb1d3b18c2df7c303861e36f0
ip: 24.5.156.235
firstlogin: 1462197525507.000000
lastlogin: 1462197525509.000000
...
