---
password: 726dfbbf2d82742fc601e72b7538ea72c4fcf7b0
ip: 179.108.194.7
firstlogin: 1461280881524.000000
lastlogin: 1461280881527.000000
...
