---
password: 4625326f87c095e0db36049bffbc8bf189df0720
ip: 151.28.137.190
firstlogin: 1460998711664.000000
lastlogin: 1461267994255.000000
...
