---
password: 513d74946327c04cb6f0b0190b460dd9821db726
ip: 50.66.93.60
firstlogin: 1461572071463.000000
lastlogin: 1462649385875.000000
...
