---
password: 8ae44131f211705cf179aefbcd4a942fee144ed3
ip: 101.180.36.66
firstlogin: 1462072044764.000000
lastlogin: 1462350429084.000000
...
