---
password: 646534ca058e1855d5a37b30527f4915eff29a8d
ip: 112.198.75.168
firstlogin: 1461283563392.000000
lastlogin: 1461283563395.000000
...
