---
password: 4233137d1c510f2e55ba5cb220b864b11033f156
ip: 172.78.121.32
firstlogin: 1462149367021.000000
lastlogin: 1462150176829.000000
...
