---
password: 03aa141e3e997cd726de55ab87fe06f52317b9fe
ip: 73.252.186.213
firstlogin: 1462578844647.000000
lastlogin: 1462578844655.000000
...
