---
password: 8eac8f0d26ca4a32697ec8ca2e7b04c5710a156d
ip: 87.152.40.179
firstlogin: 1461333213695.000000
lastlogin: 1462728033934.000000
...
