---
password: 9d4e1e23bd5b727046a9e3b4b7db57bd8d6ee684
ip: 177.67.245.144
firstlogin: 1461281157385.000000
lastlogin: 1461281157387.000000
...
