---
password: 1d2af904ad96b047fc3755d9141a411b415f50da
ip: 79.236.108.183
firstlogin: 1461327913018.000000
lastlogin: 1461327913033.000000
...
