---
password: 932e4cbedf3d0545e93e02303154fb083dd45cfd
ip: 89.18.156.173
firstlogin: 1461308505519.000000
lastlogin: 1461308505522.000000
...
