---
password: 8c67a6dfe48c1ec626337e7dbfa46cdc3b01d43c
ip: 166.171.56.154
firstlogin: 1461016211759.000000
lastlogin: 1461016211762.000000
...
