---
password: 289bd92f34537cd3d468e897f9a34376f8d9ddf8
ip: 70.198.53.33
firstlogin: 1461280273121.000000
lastlogin: 1461280273123.000000
...
