---
password: 52458abbd2955109b10ce425d867c722c22b7519
ip: 50.54.62.190
firstlogin: 1461376364471.000000
lastlogin: 1461376364476.000000
...
