---
password: 7445c53d1fed2c58c6b176c37409ce26c284adf1
ip: 86.35.79.113
firstlogin: 1461349609862.000000
lastlogin: 1461349609865.000000
...
