---
password: 1c2b0d17c738509518ecc6efa233ee6c10e724f2
ip: 173.217.11.168
firstlogin: 1462625518430.000000
lastlogin: 1462625518432.000000
...
