---
password: 7c4a8d09ca3762af61e59520943dc26494f8941b
ip: 69.178.12.180
firstlogin: 1462152149897.000000
lastlogin: 1462152149907.000000
...
