---
password: 5baa61e4c9b93f3f0682250b6cf8331b7ee68fd8
ip: 190.140.53.9
firstlogin: 1461289083614.000000
lastlogin: 1461289083616.000000
...
