---
password: 056148925a94d5d7f1dd9502dc150e2cd484b0f6
ip: 62.192.18.162
firstlogin: 1461968998128.000000
lastlogin: 1461968998138.000000
...
