---
password: 512882425d2323b10b34a2f417c670504f97c850
ip: 170.72.51.255
firstlogin: 1461426459260.000000
lastlogin: 1461426459262.000000
...
