---
password: 5fccd41f724fe7f47297b25c846388f18a296e06
ip: 138.99.134.238
firstlogin: 1461371707960.000000
lastlogin: 1461371707963.000000
...
