---
password: 8cb2237d0679ca88db6464eac60da96345513964
ip: 100.34.76.175
firstlogin: 1462139406485.000000
lastlogin: 1462139406491.000000
...
