---
password: 3b0ea6724efa1413600043c8b1b4686e90e1eaf2
ip: 98.192.210.39
firstlogin: 1462585863671.000000
lastlogin: 1462585863679.000000
...
