---
password: 92053a0ea29d3a95c7f6d0021e7464a2159ae789
ip: 82.12.80.33
firstlogin: 1461000423546.000000
lastlogin: 1461002635775.000000
...
