---
password: 5645f02f6804b62fae4d03995cd72e3b386b1d00
ip: 108.88.248.133
firstlogin: 1461800781425.000000
lastlogin: 1461800781439.000000
...
