---
password: 9a49f8a4ac68b5e4fe7f3da714bc030d34a43866
ip: 74.111.32.92
firstlogin: 1462113181562.000000
lastlogin: 1462143471775.000000
...
