---
password: 10b8c0ed140201adad62f88a83c8e9952d2192cb
ip: 97.89.27.102
firstlogin: 1462580195409.000000
lastlogin: 1462580195418.000000
...
