---
password: 5a64604bc97bf78abd6c16f1da007e40dd589924
ip: 201.229.17.160
firstlogin: 1460936733430.000000
lastlogin: 1460936733432.000000
...
