---
password: 1c2b0d17c738509518ecc6efa233ee6c10e724f2
ip: 121.44.159.152
firstlogin: 1462579452311.000000
lastlogin: 1462579452320.000000
...
