---
password: 85d8d76ba15bde3ef1602f477f32fd64e32fea5a
ip: 173.3.172.84
firstlogin: 1461273917043.000000
lastlogin: 1461323490195.000000
...
