---
password: 5baa61e4c9b93f3f0682250b6cf8331b7ee68fd8
ip: 76.164.59.122
firstlogin: 1461429151116.000000
lastlogin: 1461429151119.000000
...
