---
password: 8b170c9be03c2c91b3f8593634ee2aee45023410
ip: 172.88.16.48
firstlogin: 1461299283237.000000
lastlogin: 1461299283240.000000
...
