---
password: 1c2b0d17c738509518ecc6efa233ee6c10e724f2
ip: 94.1.36.139
firstlogin: 1461423470227.000000
lastlogin: 1461423470234.000000
...
