---
password: 6e2f9e6111e77edd0c446ea7a84e25323d137a61
ip: 75.63.49.135
firstlogin: 1461027311268.000000
lastlogin: 1461027311278.000000
...
