---
password: 1c2b0d17c738509518ecc6efa233ee6c10e724f2
ip: 75.121.139.159
firstlogin: 1461270359347.000000
lastlogin: 1461270359351.000000
...
