---
password: 3a83f2f9279a37132806e914b79e29bdb29c1d30
ip: 73.48.96.129
firstlogin: 1462325954040.000000
lastlogin: 1462325954050.000000
...
