---
password: 8df05b76295472cdfb110cf44791e00237cf0c26
ip: 96.41.82.69
firstlogin: 1461335929301.000000
lastlogin: 1461335929310.000000
...
