---
password: 85136c79cbf9fe36bb9d05d0639c70c265c18d37
ip: 171.38.199.231
firstlogin: 1462632888397.000000
lastlogin: 1462632888406.000000
...
