---
password: 0e5ed4cc715077937c1c58ae2433c2104d83bd8e
ip: 78.102.65.174
firstlogin: 1460917389642.000000
lastlogin: 1460917389651.000000
...
