---
password: 76675a3806ab3f1035d0a3df939f1c990709d63e
ip: 24.159.58.50
firstlogin: 1462573375771.000000
lastlogin: 1462573375779.000000
...
