---
password: 5baa61e4c9b93f3f0682250b6cf8331b7ee68fd8
ip: 108.240.136.145
firstlogin: 1461284856845.000000
lastlogin: 1461293715573.000000
...
