---
password: 1698c2bea6c8000723d5bb70363a8352d846917e
ip: 82.11.234.151
firstlogin: 1462193742730.000000
lastlogin: 1462193742733.000000
...
