---
password: 48bd912f538098d63ea2b76446e3240079c46c26
ip: 24.55.91.101
firstlogin: 1461455971397.000000
lastlogin: 1461455971405.000000
...
