---
password: 5baa61e4c9b93f3f0682250b6cf8331b7ee68fd8
ip: 99.17.40.221
firstlogin: 1462227185092.000000
lastlogin: 1462227192758.000000
...
