---
password: 1c2b0d17c738509518ecc6efa233ee6c10e724f2
ip: 124.6.181.202
firstlogin: 1461283654871.000000
lastlogin: 1461323821305.000000
...
