---
password: 579a98a84991f964f25bec6c963983058b141fbc
ip: 176.250.132.130
firstlogin: 1461420501956.000000
lastlogin: 1461420512718.000000
...
