---
password: 3666bd9b510820a0c7bccdf0020782d31368b865
ip: 89.0.55.172
firstlogin: 1461346933924.000000
lastlogin: 1461346933933.000000
...
