---
password: 05001c8a867caaa87c14d2f26254eae788277c60
ip: 66.8.240.125
firstlogin: 1461376891217.000000
lastlogin: 1461376891219.000000
...
