---
password: 1c2b0d17c738509518ecc6efa233ee6c10e724f2
ip: 78.141.32.242
firstlogin: 1462622473531.000000
lastlogin: 1462622473533.000000
...
