---
password: 1c2b0d17c738509518ecc6efa233ee6c10e724f2
ip: 86.167.183.154
firstlogin: 1461266162190.000000
lastlogin: 1461434222693.000000
...
