---
password: 9048ead9080d9b27d6b2b6ed363cbf8cce795f7f
ip: 67.241.220.9
firstlogin: 1462623384804.000000
lastlogin: 1462623384807.000000
...
