---
password: 1c2b0d17c738509518ecc6efa233ee6c10e724f2
ip: 73.239.73.235
firstlogin: 1462153190015.000000
lastlogin: 1462153190024.000000
...
