---
password: 1c2b0d17c738509518ecc6efa233ee6c10e724f2
ip: 162.193.41.50
firstlogin: 1461381032039.000000
lastlogin: 1461381032045.000000
...
