---
password: 2a6c2a9a6df57023c484a60de5f06823bb9d3033
ip: 174.96.61.209
firstlogin: 1461271943631.000000
lastlogin: 1461271943634.000000
...
