---
password: 54669547a225ff20cba8b75a4adca540eef25858
ip: 96.19.223.23
firstlogin: 1462243638137.000000
lastlogin: 1462243638140.000000
...
