---
password: 2ea18cc94fba25827767ca41b1ed96ec29ca3abb
ip: 70.180.64.16
firstlogin: 1462656708567.000000
lastlogin: 1462656708569.000000
...
