---
password: 90265fdbd9fe1a336d2c34eb7e1eca85856175e9
ip: 24.151.201.86
firstlogin: 1461438749555.000000
lastlogin: 1461438749565.000000
...
