---
password: 1c2b0d17c738509518ecc6efa233ee6c10e724f2
ip: 49.150.128.167
firstlogin: 1462195953677.000000
lastlogin: 1462195953680.000000
...
