---
password: 96381080bd8499954cde3bbc219c724823bf191d
ip: 74.226.91.74
firstlogin: 1462052150111.000000
lastlogin: 1462052150117.000000
...
