---
password: 278823926871d9fd31a0e644146cc2a20752259a
ip: 137.147.17.64
firstlogin: 1461281908004.000000
lastlogin: 1461281908006.000000
...
