---
password: 112bb791304791ddcf692e29fd5cf149b35fea37
ip: 72.182.82.101
firstlogin: 1462635086676.000000
lastlogin: 1462635086678.000000
...
