---
password: 5080755883a4cc1b2d1913ae9e56bfc502e17abf
ip: 89.122.19.31
firstlogin: 1461325383651.000000
lastlogin: 1461325383658.000000
...
