---
password: 3ec98d279ab87d1507c4e4454de5f91ec3f5820c
ip: 216.227.48.134
firstlogin: 1461371343502.000000
lastlogin: 1461371343504.000000
...
