---
password: 402e233bcde44fdc29b3f20979ea1b1e2a917b7d
ip: 76.69.13.206
firstlogin: 1462162076510.000000
lastlogin: 1462162076516.000000
...
