---
password: 5baa61e4c9b93f3f0682250b6cf8331b7ee68fd8
ip: 179.8.100.37
firstlogin: 1461375090990.000000
lastlogin: 1461375090992.000000
...
