---
password: 13f0a5b7fabf9f9bd1ca90eb1ffafac378739657
ip: 110.171.193.236
firstlogin: 1461316648755.000000
lastlogin: 1461316648758.000000
...
