---
password: 3a89e984b04a0d6fd00af735d34f87bb266cf277
ip: 70.194.175.58
firstlogin: 1462632215031.000000
lastlogin: 1462632215033.000000
...
