---
password: 160f644d7837fa2501f2992d16b1bfb4f419482e
ip: 208.54.175.204
firstlogin: 1462154820041.000000
lastlogin: 1462154820046.000000
...
