---
password: 4e0be25349a5df4721f85711287407352048d396
ip: 174.134.134.46
firstlogin: 1460936841935.000000
lastlogin: 1460936848255.000000
...
