---
password: 9f5a6bf52b9bc1776a1fbf936cf1b6cb17215790
ip: 99.235.199.254
firstlogin: 1460911022015.000000
lastlogin: 1461014920021.000000
...
