---
password: 0451d1316c8640057b80e35a942028bbdbcc27ef
ip: 5.12.138.193
firstlogin: 1461922261645.000000
lastlogin: 1462198112617.000000
...
