---
password: 04a4fce796c2cf39c53220ec3b8e22e3b2f24615
ip: 120.88.157.113
firstlogin: 1461980233390.000000
lastlogin: 1461980233394.000000
...
