---
password: 13a2828b3adecc1c32ea3888d08afa51e147b3f3
ip: 82.38.40.54
firstlogin: 1461002660415.000000
lastlogin: 1461003331521.000000
...
