---
password: 7110eda4d09e062aa5e4a390b0a572ac0d2c0220
ip: 68.204.78.14
firstlogin: 1461266285245.000000
lastlogin: 1461266393686.000000
...
