---
password: 95fa3fd70a64183d6325bacb0051e4e64462a89b
ip: 109.166.136.137
firstlogin: 1461342499948.000000
lastlogin: 1461342499955.000000
...
