---
password: 5baa61e4c9b93f3f0682250b6cf8331b7ee68fd8
ip: 70.15.27.210
firstlogin: 1461353707304.000000
lastlogin: 1461353707312.000000
...
