---
password: 6e9c1ff9878bd69f97d8f5d75a2caa084826c000
ip: 71.100.88.213
firstlogin: 1462577888412.000000
lastlogin: 1462615359100.000000
...
