---
password: 604985972190f05effbb04782a7a905a2eb62a22
ip: 121.215.25.150
firstlogin: 1461509550285.000000
lastlogin: 1461509550288.000000
...
