---
password: 4093a9931dfc00697e9971ad5914caadca3238ae
ip: 108.195.159.67
firstlogin: 1461283153168.000000
lastlogin: 1461530404921.000000
...
