---
password: 7c222fb2927d828af22f592134e8932480637c0d
ip: 108.3.243.54
firstlogin: 1462324966348.000000
lastlogin: 1462324966357.000000
...
