---
password: 6060b9b23adb400770574ff5133a6bc985eb0a15
ip: 104.2.78.113
firstlogin: 1462365567961.000000
lastlogin: 1462365567969.000000
...
