---
password: 7c4a8d09ca3762af61e59520943dc26494f8941b
ip: 69.248.124.148
firstlogin: 1461967479945.000000
lastlogin: 1461967479962.000000
...
