---
password: 1c2b0d17c738509518ecc6efa233ee6c10e724f2
ip: 92.29.65.179
firstlogin: 1461001578251.000000
lastlogin: 1461001578254.000000
...
