---
password: 06de62b0f20be95c6d9a037415123722347576a0
ip: 23.127.248.194
firstlogin: 1461963761264.000000
lastlogin: 1462653963220.000000
...
