---
password: 1c2b0d17c738509518ecc6efa233ee6c10e724f2
ip: 203.215.119.156
firstlogin: 1461324085161.000000
lastlogin: 1462153979213.000000
...
