---
password: 43d4d15c48d007acb76d61ed1e9779e1bdb9e986
ip: 5.12.184.72
firstlogin: 1461316712251.000000
lastlogin: 1461316712254.000000
...
