---
password: 6eada39a6ebafc46ccc4ab9b330096b397cf8f44
ip: 78.96.132.5
firstlogin: 1461313922332.000000
lastlogin: 1461313922334.000000
...
