---
password: 7c222fb2927d828af22f592134e8932480637c0d
ip: 179.197.176.100
firstlogin: 1461290549516.000000
lastlogin: 1461290549521.000000
...
