---
password: 138ead960f94c6d483aff7a9f794572c75f82163
ip: 112.198.75.249
firstlogin: 1461379503302.000000
lastlogin: 1461379503313.000000
...
