---
password: 13d635f2289bfbf696b2fd7b36ab6b3a7631ba4e
ip: 121.121.60.69
firstlogin: 1462615373686.000000
lastlogin: 1462626418664.000000
...
