---
password: 5e9ad74b5c653158fbc71bea9ea5ffccaee85818
ip: 182.18.220.252
firstlogin: 1462192880129.000000
lastlogin: 1462192880133.000000
...
