---
password: 81f5bb59b8184664e23ad9bf84303854ddb4f98d
ip: 198.97.62.78
firstlogin: 1461353106301.000000
lastlogin: 1461353106304.000000
...
