---
password: 2576f75e81d405c5110db18bf938fd4daa396300
ip: 82.1.126.161
firstlogin: 1461269559722.000000
lastlogin: 1461269559725.000000
...
