---
password: 1c2b0d17c738509518ecc6efa233ee6c10e724f2
ip: 24.216.160.216
firstlogin: 1462233954782.000000
lastlogin: 1462233954784.000000
...
