---
password: 251e2a279a05d7db3c8615be23dce7472856eb05
ip: 68.200.34.253
firstlogin: 1461271099316.000000
lastlogin: 1461271099318.000000
...
