---
password: 529340c7ea218373fa91a937c48e14d94114aec9
ip: 112.201.14.149
firstlogin: 1461278219840.000000
lastlogin: 1461278304898.000000
...
