---
password: 44060752d7f7ae069c8187120455195325af0cca
ip: 205.250.202.102
firstlogin: 1462051958563.000000
lastlogin: 1462051958594.000000
...
