---
password: 1c2b0d17c738509518ecc6efa233ee6c10e724f2
ip: 104.244.2.34
firstlogin: 1461560070914.000000
lastlogin: 1461560103484.000000
...
