---
password: 264df3e8102b634ec8e8467dedafa8472e45043d
ip: 72.190.238.92
firstlogin: 1461287021067.000000
lastlogin: 1461287021069.000000
...
