---
password: 39ed79f266cc77a954bd0589a6f8ec5bf746a541
ip: 100.11.226.238
firstlogin: 1462321311763.000000
lastlogin: 1462321311773.000000
...
