---
password: 48eaa9cecb5be92da921122cbc9eb220fc262583
ip: 78.16.254.9
firstlogin: 1461424889437.000000
lastlogin: 1461424889440.000000
...
