---
password: 25cfca9b088621b72372a1432decae60aca51acd
ip: 223.204.249.196
firstlogin: 1461327107129.000000
lastlogin: 1461327107140.000000
...
