---
password: 3421ecde2a5de6543b48460b867cf323b018bc22
ip: 182.239.77.63
firstlogin: 1462364845203.000000
lastlogin: 1462364845205.000000
...
