---
password: 028429229acfbe227e7871fe38640367a355a243
ip: 50.26.5.127
firstlogin: 1461285114850.000000
lastlogin: 1461285114853.000000
...
