---
password: 05313d3390a4aaaec65652a7f9989202c50203c2
ip: 180.191.89.126
firstlogin: 1461320930733.000000
lastlogin: 1461728691852.000000
...
