---
password: 7ffca5fde98cfab4389b6ab518d41237b40272bc
ip: 76.28.250.52
firstlogin: 1462034323642.000000
lastlogin: 1462079106464.000000
...
