---
password: 450e0722c4368dd3eba1bcaff9b58cad0d371b64
ip: 72.77.16.81
firstlogin: 1461365354553.000000
lastlogin: 1461365354556.000000
...
