---
password: 670e8f31e39d8e52b8593eb09c3d1822448363ca
ip: 96.254.150.49
firstlogin: 1461618066004.000000
lastlogin: 1461618066006.000000
...
