---
password: 166adf7cb43fc4d37ee98226d117b953bcf79516
ip: 173.238.171.107
firstlogin: 1461278292998.000000
lastlogin: 1461278304967.000000
...
