---
password: 8f991e4af8a140ef7a29e2b8b6ba183a3133783e
ip: 49.146.67.165
firstlogin: 1461557662841.000000
lastlogin: 1461557662846.000000
...
