---
password: 1c2b0d17c738509518ecc6efa233ee6c10e724f2
ip: 97.83.116.133
firstlogin: 1462236586586.000000
lastlogin: 1462236620154.000000
...
