---
password: 2a8a759074f3b400336f38c8c6c706bfe8480196
ip: 104.60.92.85
firstlogin: 1461283055732.000000
lastlogin: 1461283055788.000000
...
