---
password: 7564a1cf4d1fdae081af7cdc8601c1d7bdde3817
ip: 89.24.193.44
firstlogin: 1461327769852.000000
lastlogin: 1461327769855.000000
...
