---
password: 20eabe5d64b0e216796e834f52d61fd0b70332fc
ip: 177.5.68.231
firstlogin: 1461346688701.000000
lastlogin: 1462153634791.000000
...
