---
password: 624c22a8c8f8c93f18fe5ecd4713100c8d754507
ip: 151.237.7.199
firstlogin: 1461004963692.000000
lastlogin: 1461517741571.000000
...
