---
password: 3052150f9a9de9a376afcc809ff9e34e6c22f373
ip: 151.56.177.61
firstlogin: 1462201940650.000000
lastlogin: 1462201940653.000000
...
