---
password: 061e1f633294bd5bf2b3ca1fca5baeb4d57dd67e
ip: 45.51.24.86
firstlogin: 1461421262679.000000
lastlogin: 1461421262687.000000
...
