---
password: 7c4a8d09ca3762af61e59520943dc26494f8941b
ip: 24.181.129.170
firstlogin: 1461515959291.000000
lastlogin: 1461515959301.000000
...
