---
password: 99efc50a9206bde3d7a8e694aad8e138ca7dc3f7
ip: 80.42.59.183
firstlogin: 1461435019298.000000
lastlogin: 1461435019304.000000
...
