---
password: 8a589cd60ccd9edd46f0f5b190d62c5778b8b580
ip: 112.198.103.169
firstlogin: 1461309986363.000000
lastlogin: 1461385742553.000000
...
