---
password: 7c222fb2927d828af22f592134e8932480637c0d
ip: 37.105.161.3
firstlogin: 1461268506530.000000
lastlogin: 1461501970023.000000
...
