---
password: 078d4257c1aee3811e542e6a31c9f3cf080a729b
ip: 41.193.36.14
firstlogin: 1462113690325.000000
lastlogin: 1462544927855.000000
...
