---
password: 7992a9958b4508555b782133f809e9597f5dfe23
ip: 189.161.158.114
firstlogin: 1461370444839.000000
lastlogin: 1461370444844.000000
...
