---
password: 8adec5f16c4bfaf86aa580744d0115be84e6cd19
ip: 161.10.145.63
firstlogin: 1461354238460.000000
lastlogin: 1461354238463.000000
...
