---
password: 7807a69e6e379334da71b60d32539e2a140929fa
ip: 81.36.142.251
firstlogin: 1462625948835.000000
lastlogin: 1462625948840.000000
...
