---
password: 62e3bd77a71c0cd20ad74c1a6ea3af5cacdc7949
ip: 78.90.207.18
firstlogin: 1461001638187.000000
lastlogin: 1461001638189.000000
...
