---
password: 3d0f3b9ddcacec30c4008c5e030e6c13a478cb4f
ip: 187.19.254.69
firstlogin: 1461029826925.000000
lastlogin: 1461105793332.000000
...
