---
password: 971861cfb20b9268df8283f8d0f769bb9108d158
ip: 109.195.135.159
firstlogin: 1461317367685.000000
lastlogin: 1461317367688.000000
...
