---
password: 47a39aecfc096e6d80ed5c51733906b263ab9eba
ip: 121.54.32.162
firstlogin: 1461267592221.000000
lastlogin: 1461267592223.000000
...
