---
password: 8635e82db16dd0bb70d422eb589a235dcc3df901
ip: 112.198.103.131
firstlogin: 1461336687486.000000
lastlogin: 1461336687492.000000
...
