---
password: 02d8be4535494485677d94938167b0192dd2f07b
ip: 151.70.74.200
firstlogin: 1461332991781.000000
lastlogin: 1461332991783.000000
...
