---
password: 003715abebfaceab862b7c11fa38c509c5778969
ip: 47.63.58.149
firstlogin: 1461348435314.000000
lastlogin: 1461421657010.000000
...
