---
password: 7b37259e149636e3330d530cbf408f2b8c1eda6a
ip: 89.32.243.254
firstlogin: 1461350569095.000000
lastlogin: 1461350569106.000000
...
