---
password: 6a9408f3f74c2145bd6a42a8f3348badd4358552
ip: 99.169.73.52
firstlogin: 1461439478693.000000
lastlogin: 1461439478695.000000
...
