---
password: 82ea5575b81581efbdc38ba4c0f60717a3566ba2
ip: 24.24.253.74
firstlogin: 1462148735914.000000
lastlogin: 1462148735923.000000
...
