---
password: 08f948aba9aa3d835504a3787905c6ce53bb8c32
ip: 78.25.120.133
firstlogin: 1461299793883.000000
lastlogin: 1461299793886.000000
...
