---
password: 6b94c2c7cfc55319178868b566948340d7077c60
ip: 125.165.132.251
firstlogin: 1461328804812.000000
lastlogin: 1461328804814.000000
...
