---
password: 3bc33adbb7ce0e9d1783a734c30fbfe682dc921c
ip: 87.20.35.134
firstlogin: 1461269744667.000000
lastlogin: 1461304309354.000000
...
