---
password: 040bee673af4d8db33ae4b941cebdd38b47ad8bf
ip: 203.184.39.223
firstlogin: 1461283922149.000000
lastlogin: 1461283922153.000000
...
