---
password: 08b0bd349e72c016defb773b2c422e9a3911b278
ip: 121.54.32.146
firstlogin: 1462063229208.000000
lastlogin: 1462063229220.000000
...
