---
password: 03b726d34838a17bf17a358a1a156e682d7c6ede
ip: 98.210.85.16
firstlogin: 1462684639251.000000
lastlogin: 1462684639254.000000
...
