---
password: 7e1f4cccda07c863e0674a711b0cc7825e0d613a
ip: 88.108.235.246
firstlogin: 1460998500828.000000
lastlogin: 1460998500830.000000
...
