---
password: 66e0b073e628c4bf21cb9df9b1e0d584ec72e786
ip: 201.173.34.110
firstlogin: 1461355349141.000000
lastlogin: 1461355349152.000000
...
