---
password: 3f01cf9eaa3cc35e2bf851f8024dbc64f8c1672b
ip: 49.146.86.237
firstlogin: 1461300425314.000000
lastlogin: 1461300425317.000000
...
