---
password: 0dc3874da3ecc37ab79879a8e21e194d337dca5a
ip: 123.3.31.9
firstlogin: 1461740447562.000000
lastlogin: 1461740447571.000000
...
