---
password: 010e68abbeadbba1c50e5f6f4cdf8fc53ddf92db
ip: 108.181.156.246
firstlogin: 1461327513617.000000
lastlogin: 1461327513620.000000
...
