---
password: 2b5d05d3594b83ba20afb78c9c8ab624078eea62
ip: 71.93.230.93
firstlogin: 1462629388019.000000
lastlogin: 1462629388023.000000
...
