---
password: 2a8178cb2cefff029251d9448309c12699a92b76
ip: 79.117.41.3
firstlogin: 1461268617582.000000
lastlogin: 1461268617592.000000
...
