---
password: 5af1183469161952d9f62fabce5bc9ade164084a
ip: 174.77.71.222
firstlogin: 1462718784094.000000
lastlogin: 1462718784103.000000
...
