---
password: 5a0ae7d90b53e7cfabb34a15920326ca382d35f4
ip: 5.62.74.125
firstlogin: 1462113350680.000000
lastlogin: 1462113350682.000000
...
