---
password: 3b7273a9a64c0ff267e7f55505726b22fac7fbf2
ip: 73.232.76.4
firstlogin: 1461379027758.000000
lastlogin: 1461379027760.000000
...
