---
password: 9c47ccf60d31a9c3dcf9fea79c46460c326c2cfd
ip: 151.74.98.225
firstlogin: 1461342357695.000000
lastlogin: 1461342357704.000000
...
