---
password: 01491f8e35d5e5058ab1e6588d8d5a1d572dbc43
ip: 195.99.40.187
firstlogin: 1461271441731.000000
lastlogin: 1461271441733.000000
...
