---
password: 20834ff458e1090a1078d2d653ed01362558e144
ip: 76.185.39.203
firstlogin: 1461295765749.000000
lastlogin: 1461295765758.000000
...
