---
password: 50c928e6dcb09540fd10dd22cba80ce88606dc6e
ip: 1.9.62.75
firstlogin: 1462364014937.000000
lastlogin: 1462364014939.000000
...
