---
password: 13a2828b3adecc1c32ea3888d08afa51e147b3f3
ip: 24.236.170.173
firstlogin: 1462649906452.000000
lastlogin: 1462649906457.000000
...
