---
password: 2d1b99454a8b41f2434d2f935d21ae729d51c6fe
ip: 112.208.38.108
firstlogin: 1461289812483.000000
lastlogin: 1461289812485.000000
...
