---
password: 25a830c426e898174b55a7c3f9e3c17040eb4195
ip: 202.80.216.41
firstlogin: 1461904662952.000000
lastlogin: 1461904662955.000000
...
