---
password: 1d5ea63b2edddc56f1821451349328d1ce715e53
ip: 203.129.157.151
firstlogin: 1461360389259.000000
lastlogin: 1461360389265.000000
...
