---
password: 7110eda4d09e062aa5e4a390b0a572ac0d2c0220
ip: 173.53.77.206
firstlogin: 1462233305168.000000
lastlogin: 1462233305178.000000
...
