---
password: 3df48810843f0ec9548965646cd98104071b2a01
ip: 68.98.225.215
firstlogin: 1462629985906.000000
lastlogin: 1462629985910.000000
...
