---
password: 1dee24fbd38dca3d95b98662ea97a2105ad14b3e
ip: 90.192.197.180
firstlogin: 1461002258345.000000
lastlogin: 1461304693796.000000
...
