---
password: 8d82ec07e5bab1c1b33ba7735a0ca8ce2df2ae75
ip: 138.0.252.2
firstlogin: 1461279013622.000000
lastlogin: 1461279013639.000000
...
