---
password: 05218db9b8bd9d6ecd0d6958785baa22ffaef21b
ip: 89.115.16.163
firstlogin: 1461356228069.000000
lastlogin: 1461356228071.000000
...
