---
password: 2f35a88c7d97d91bcc54fe413f371c250ca43ee8
ip: 92.233.17.59
firstlogin: 1461510166865.000000
lastlogin: 1462031217706.000000
...
