---
password: 38ae1b48ed96d57c9e166f6cc6ffdf619b4856ab
ip: 84.111.186.227
firstlogin: 1461426356438.000000
lastlogin: 1461426356441.000000
...
