---
password: 7151f602f5771ca5227206d16dd568996076fc94
ip: 50.141.136.250
firstlogin: 1461510426913.000000
lastlogin: 1462238273314.000000
...
