---
password: 5baa61e4c9b93f3f0682250b6cf8331b7ee68fd8
ip: 92.106.154.46
firstlogin: 1460917713989.000000
lastlogin: 1460917713992.000000
...
