---
password: 157f771a3b37cacc2a2d120a37b170c4bd46416d
ip: 50.29.119.51
firstlogin: 1461380074741.000000
lastlogin: 1461380074747.000000
...
