---
password: 6b48d005e257a64ec1dc47fd76f77d9c28b8daf6
ip: 178.120.54.46
firstlogin: 1461357668542.000000
lastlogin: 1461357668545.000000
...
