---
password: 39f438db6713889a4ae45998aa97110afbbfffcb
ip: 75.190.69.221
firstlogin: 1461520992458.000000
lastlogin: 1461520992460.000000
...
