---
password: 1bd4e7f4114d4eeea2c0c4ce4c95e4c353054ad4
ip: 75.83.82.168
firstlogin: 1461297387695.000000
lastlogin: 1461382492473.000000
...
