---
password: 1c2b0d17c738509518ecc6efa233ee6c10e724f2
ip: 50.46.170.253
firstlogin: 1461298565034.000000
lastlogin: 1461298565037.000000
...
