---
password: 250e77f12a5ab6972a0895d290c4792f0a326ea8
ip: 58.7.107.73
firstlogin: 1461289950476.000000
lastlogin: 1461289950481.000000
...
