---
password: 8cb2237d0679ca88db6464eac60da96345513964
ip: 97.95.33.12
firstlogin: 1462110508442.000000
lastlogin: 1462110508453.000000
...
