---
password: 4dfcc8d35fcac2a01dcb73227ff7579c99946e37
ip: 75.139.145.174
firstlogin: 1462108871168.000000
lastlogin: 1462108871171.000000
...
