---
password: 0f2941ce57253d145212215be57dae5d58d29f81
ip: 24.50.217.219
firstlogin: 1461372309751.000000
lastlogin: 1461542378717.000000
...
