---
password: 77a5f2b820983ce006fa2dd3b282914b23baa6d9
ip: 189.158.218.121
firstlogin: 1461367284538.000000
lastlogin: 1461367284540.000000
...
