---
password: 2621c1355c00362647d7736992678ab456b45494
ip: 174.55.170.22
firstlogin: 1461378439957.000000
lastlogin: 1461378439967.000000
...
