---
password: 03c49d38e55d61521a606f5582a848874439e171
ip: 84.193.199.177
firstlogin: 1461502673386.000000
lastlogin: 1462492266840.000000
...
