---
password: 7aba3e874be69a2a83855878f84e48b4ebd20003
ip: 108.86.228.59
firstlogin: 1462107709799.000000
lastlogin: 1462237437393.000000
...
