---
password: 99df988b77e60a1718e9e6fecdaf22552047be28
ip: 5.15.11.160
firstlogin: 1461352869733.000000
lastlogin: 1461352869735.000000
...
