---
password: 03d67c263c27a453ef65b29e30334727333ccbcd
ip: 108.22.200.67
firstlogin: 1461533829463.000000
lastlogin: 1461533829469.000000
...
