---
password: 0d1426921d977ab0331709c5dc4638ebf646356f
ip: 47.220.14.11
firstlogin: 1462638189635.000000
lastlogin: 1462638189644.000000
...
