---
password: 83f1c9289d0975e4e7f053a3f65f6a7cc5747a38
ip: 177.237.158.246
firstlogin: 1461329992614.000000
lastlogin: 1461329992620.000000
...
