---
password: 24c2b91dd2c4c5e01187585e3b052a2fcfdb8e16
ip: 188.26.240.90
firstlogin: 1461318220997.000000
lastlogin: 1461318221005.000000
...
