---
password: 98d79e4e3d0d00d610789e99c7694d07c26491c6
ip: 121.7.70.179
firstlogin: 1461318417063.000000
lastlogin: 1461318417066.000000
...
