---
password: 8a42c82261fa5ebdf1a06ef08d61a9584145b39a
ip: 173.186.233.164
firstlogin: 1461011675609.000000
lastlogin: 1461011675611.000000
...
