---
password: 7df726a5c25b0699480f155e332f22c82876438c
ip: 67.149.71.254
firstlogin: 1461280176193.000000
lastlogin: 1461280176196.000000
...
