---
password: 5992132622316f01814fee9406c175b2a9ebdb21
ip: 178.220.22.201
firstlogin: 1461263971341.000000
lastlogin: 1461263971344.000000
...
