---
password: 455760bc0a6689b8a1acb9d54c6ada1b68240e8f
ip: 176.120.61.158
firstlogin: 1461326172842.000000
lastlogin: 1461326172845.000000
...
