---
password: 2d8e1ff9994bfa7f70f0752f7537888e9ba59d29
ip: 78.174.69.172
firstlogin: 1461999166279.000000
lastlogin: 1462723779745.000000
...
