---
password: 1c2b0d17c738509518ecc6efa233ee6c10e724f2
ip: 24.237.158.5
firstlogin: 1462150828805.000000
lastlogin: 1462150828808.000000
...
