---
password: 03ff448412eac67cfac7bba859f5855ca81df6c9
ip: 195.46.101.7
firstlogin: 1461292165231.000000
lastlogin: 1461292165234.000000
...
