---
password: 68ad1fe41c450145ca449d88748ac2a8c8e5dea8
ip: 86.95.113.120
firstlogin: 1461322687659.000000
lastlogin: 1461322687666.000000
...
