---
password: 3105f77aec494e180ade3938928ce87fc40c13f6
ip: 180.214.233.85
firstlogin: 1462676271154.000000
lastlogin: 1462676271156.000000
...
