---
password: 1e4e888ac66f8dd41e00c5a7ac36a32a9950d271
ip: 5.170.8.60
firstlogin: 1461364543797.000000
lastlogin: 1461364543815.000000
...
