---
password: 27363b32f2eec8d5fed0a5a4bee2248405a91d1a
ip: 121.54.32.172
firstlogin: 1461312563587.000000
lastlogin: 1461312563590.000000
...
