---
password: 62216c865efdb1f33b45ce3f6d328750d5dd04e2
ip: 178.27.246.162
firstlogin: 1461266790414.000000
lastlogin: 1461328571131.000000
...
