---
password: 0accfc8778dfd86a8f972667f28eb265fe1e6519
ip: 101.190.167.98
firstlogin: 1462142401431.000000
lastlogin: 1462142401434.000000
...
