---
password: 1b360f7de4ecb920db7bb219ce3baee9b661e44d
ip: 73.160.33.115
firstlogin: 1462043531864.000000
lastlogin: 1462043531875.000000
...
