---
password: 3efd62ee86d4a141c3e671d86ba1579f934cf04d
ip: 71.161.240.193
firstlogin: 1461385586899.000000
lastlogin: 1461385586909.000000
...
