---
password: 650054cbdf897481c4e1816bd4139cce9b154991
ip: 112.198.90.235
firstlogin: 1461298761920.000000
lastlogin: 1461298761923.000000
...
