---
password: 188babe0fbc2268fce0d3183b8a2c83b6d7e676d
ip: 104.49.87.55
firstlogin: 1461967516891.000000
lastlogin: 1461967516895.000000
...
