---
password: 7ece30823e56afc2a1e8999c8b6a12681d4004a0
ip: 49.149.196.6
firstlogin: 1461775772949.000000
lastlogin: 1461775772951.000000
...
