---
password: 4a5146d150c5945cfcb360fd85ebb7ce9428d72f
ip: 180.191.104.162
firstlogin: 1462159191155.000000
lastlogin: 1462159191157.000000
...
