---
password: 23648ede8024f43ced4cce3326b6e3c1034e908b
ip: 94.178.148.82
firstlogin: 1461263428494.000000
lastlogin: 1461263428497.000000
...
