---
password: 34eb92126bdc06e5acdac720b50c7194d403ac08
ip: 74.73.138.108
firstlogin: 1461584411351.000000
lastlogin: 1461584411353.000000
...
