---
password: 483006d4f6647fdb17044cef59e2f8617cfb5d0a
ip: 94.60.192.26
firstlogin: 1462646273300.000000
lastlogin: 1462696229070.000000
...
