---
password: 9505faae4dc6ad126f170d6771af0d7ef87353e8
ip: 188.69.197.65
firstlogin: 1461333092586.000000
lastlogin: 1461333092590.000000
...
