---
password: 2d2dffbec5a89fcbdded77b560cb984ac4b4c975
ip: 46.211.220.210
firstlogin: 1461345546818.000000
lastlogin: 1461345546820.000000
...
