---
password: 140e2f339e954cdf9e9b52d55501630c4d8232d8
ip: 207.195.80.128
firstlogin: 1461092737759.000000
lastlogin: 1461092737761.000000
...
