---
password: 683c1a1d5390f3af7c54154534aeed3852a7dc45
ip: 124.106.179.113
firstlogin: 1461303176470.000000
lastlogin: 1461303176472.000000
...
