---
password: 8cb2237d0679ca88db6464eac60da96345513964
ip: 37.24.149.209
firstlogin: 1461267633624.000000
lastlogin: 1461267633627.000000
...
