---
password: 8ed1a42630f1126700dfa559f63c7a280f57095d
ip: 50.110.101.75
firstlogin: 1461283878588.000000
lastlogin: 1461283878597.000000
...
