---
password: 6b054079f47f2b16c2576c0bbb12f949c6739c62
ip: 207.243.120.126
firstlogin: 1461512684684.000000
lastlogin: 1461512684688.000000
...
