---
password: 1c2b0d17c738509518ecc6efa233ee6c10e724f2
ip: 98.255.237.65
firstlogin: 1462116637163.000000
lastlogin: 1462116637166.000000
...
