---
password: 81f705dc2ce1a61a2621e0e4b442a9474e1d0c70
ip: 179.154.219.211
firstlogin: 1461336659440.000000
lastlogin: 1461336659445.000000
...
