---
password: 08a69766e12f33c57b376a516c701dc464609e98
ip: 46.32.66.118
firstlogin: 1461348914534.000000
lastlogin: 1461348914544.000000
...
