---
password: 083980c5a4f4ebae99735380a1d3e25439a75b79
ip: 125.166.205.128
firstlogin: 1461336095227.000000
lastlogin: 1461336095240.000000
...
