---
password: 53d3d1e403fedf5fe4198a01fb4036da8cc11683
ip: 87.161.224.3
firstlogin: 1461313001731.000000
lastlogin: 1461313001734.000000
...
