---
password: 500b0baf3658bee9b7139a66faeedef880e643df
ip: 187.54.238.89
firstlogin: 1461272534411.000000
lastlogin: 1461521211713.000000
...
