---
password: 5c17fa03e6d5fc247565e1cd8ffa70e1bfe5b8d9
ip: 50.153.170.196
firstlogin: 1461366054223.000000
lastlogin: 1461366054242.000000
...
