---
password: 8aa8c288bbfe9c8099ec04ec54430243c4821c45
ip: 75.135.148.144
firstlogin: 1461790402833.000000
lastlogin: 1461790402837.000000
...
