---
password: 7e987459eba199457e3ce6d3ca7e405548d17046
ip: 124.106.252.17
firstlogin: 1461317347780.000000
lastlogin: 1461317347783.000000
...
