---
password: 5968ed399f76ed8d9bad41818267aacfdcbf8adf
ip: 122.109.19.127
firstlogin: 1461914290114.000000
lastlogin: 1461914290117.000000
...
