---
password: 7bf0203871b150a71a0e4f671e541c4f975e0f6c
ip: 180.191.74.158
firstlogin: 1462321767148.000000
lastlogin: 1462321767159.000000
...
