---
password: 9c3d115f5f72cb67f3dc2691094a2644cfc254e2
ip: 223.205.116.175
firstlogin: 1461319644299.000000
lastlogin: 1461319644301.000000
...
