---
password: 124cf3be9e9b75675398099f4d59852b92781be9
ip: 187.27.59.81
firstlogin: 1461304765307.000000
lastlogin: 1461304765313.000000
...
