---
password: 37a52ce3e598e1ef73ca26bd44cd11284401bc42
ip: 107.199.21.9
firstlogin: 1461287504167.000000
lastlogin: 1461978340707.000000
...
