---
password: 59ec641fc80bb8823744283f7bb93ce9949286bb
ip: 85.104.205.94
firstlogin: 1461267041349.000000
lastlogin: 1461267041355.000000
...
