---
password: 2b11abd23b7906908bdf0a92b40e6512b0cfe269
ip: 95.65.98.115
firstlogin: 1461352028214.000000
lastlogin: 1461352028217.000000
...
