---
password: 3c396ca8ac7e7ecbe9e527dd6dc226dab4e6dfee
ip: 95.72.129.46
firstlogin: 1461996078800.000000
lastlogin: 1461996078802.000000
...
