---
password: 5f1644bc336fcad84dd2a86cd217312b3a082d2c
ip: 122.57.9.153
firstlogin: 1461898226968.000000
lastlogin: 1461898226971.000000
...
