---
password: 5f8832c3f8c8bdb5c8e755bdcc60ed51f76cac81
ip: 60.52.57.5
firstlogin: 1461321483250.000000
lastlogin: 1461321483252.000000
...
