---
password: 7c4a8d09ca3762af61e59520943dc26494f8941b
ip: 50.5.240.22
firstlogin: 1462020545551.000000
lastlogin: 1462020545558.000000
...
