---
password: 33b02fc65f0b4c96f9cbee09db8e14fb63962077
ip: 66.182.69.158
firstlogin: 1462720539918.000000
lastlogin: 1462720539922.000000
...
