---
password: 84c56dde86ebdfaab450aedd18d0eb735a648e32
ip: 73.188.61.7
firstlogin: 1461277344122.000000
lastlogin: 1461277344124.000000
...
