---
password: 2209d40ef9091a54f167c838f6c31304669b0b53
ip: 67.187.77.123
firstlogin: 1462203408041.000000
lastlogin: 1462203408045.000000
...
