---
password: 5f7620ea6012e1b8d9fb5e1562d027ef59464f96
ip: 107.196.45.207
firstlogin: 1461725546101.000000
lastlogin: 1461725546104.000000
...
