---
password: 1dee24fbd38dca3d95b98662ea97a2105ad14b3e
ip: 78.148.79.222
firstlogin: 1461368956315.000000
lastlogin: 1461368956317.000000
...
