---
password: 963a3e66cf5305bad41db62c236f73d13169267a
ip: 115.84.239.25
firstlogin: 1461317343180.000000
lastlogin: 1461317343182.000000
...
