---
password: 30b406b98d59189c4b909ae49e9c4bb7d937c81c
ip: 24.206.228.227
firstlogin: 1461361249284.000000
lastlogin: 1461361249290.000000
...
