---
password: 8c420e3b1f1ed95876540615c4f76796fb411ee7
ip: 109.148.209.45
firstlogin: 1460914557168.000000
lastlogin: 1462200700298.000000
...
