---
password: 2127fb63e76bc1c384b30d78086ad4b4324d345b
ip: 187.37.145.202
firstlogin: 1461368488542.000000
lastlogin: 1461368488544.000000
...
