---
password: 8816253a5e89b490355341603f725c9d0a83dd0a
ip: 89.39.99.73
firstlogin: 1461344633308.000000
lastlogin: 1461344633327.000000
...
