---
password: 9c1dd75be0126daa186e6c522caaa26783e7c884
ip: 188.80.225.251
firstlogin: 1462118856031.000000
lastlogin: 1462118856043.000000
...
