---
password: 34665a901478f6ab01f53b160b2f413f0ccf2f2e
ip: 125.238.57.197
firstlogin: 1462686083843.000000
lastlogin: 1462696364857.000000
...
