---
password: 2214790b2675a22071d714f46f0a58384a3a7a1f
ip: 49.168.173.236
firstlogin: 1461333320686.000000
lastlogin: 1461333320689.000000
...
