---
password: 6febf00d2d97d7120a579263c2925b03229e71b9
ip: 97.85.130.16
firstlogin: 1462054812663.000000
lastlogin: 1462054812668.000000
...
