---
password: 12eb97ee08bd31a0c54e90db7f6c2a264cf190cc
ip: 87.99.86.186
firstlogin: 1461356597021.000000
lastlogin: 1461356597024.000000
...
