---
password: 01b307acba4f54f55aafc33bb06bbbf6ca803e9a
ip: 188.43.8.153
firstlogin: 1461263709800.000000
lastlogin: 1461329981806.000000
...
