---
password: 23caf5dca18445821f53127b82ac379920670b5c
ip: 2.50.88.170
firstlogin: 1461521032189.000000
lastlogin: 1461521032192.000000
...
