---
password: 1c2b0d17c738509518ecc6efa233ee6c10e724f2
ip: 73.207.113.174
firstlogin: 1462046339566.000000
lastlogin: 1462046339568.000000
...
