---
password: 991d3019e34a3310a4f9fc0de1e8b388c57d6ef0
ip: 222.167.78.195
firstlogin: 1461334411013.000000
lastlogin: 1461334411021.000000
...
