---
password: 1c2b0d17c738509518ecc6efa233ee6c10e724f2
ip: 184.91.43.191
firstlogin: 1460829731912.000000
lastlogin: 1460908510067.000000
...
