---
password: 3d709950ce9e750297f6285a27c6d43cf9356a86
ip: 104.12.221.189
firstlogin: 1461290511295.000000
lastlogin: 1461290511298.000000
...
