---
password: 17fc6cf8476881791129957c26d16731f1a1f1d5
ip: 75.165.35.93
firstlogin: 1462238178694.000000
lastlogin: 1462238178697.000000
...
