---
password: 624c22a8c8f8c93f18fe5ecd4713100c8d754507
ip: 73.21.142.122
firstlogin: 1462142211680.000000
lastlogin: 1462142211688.000000
...
