---
password: 1c2b0d17c738509518ecc6efa233ee6c10e724f2
ip: 107.184.139.93
firstlogin: 1461711317108.000000
lastlogin: 1461711628442.000000
...
