---
password: 79e04d5401aaa4a513f3431dcfc35485f199b46c
ip: 93.141.194.88
firstlogin: 1461609251041.000000
lastlogin: 1461609251050.000000
...
