---
password: 1c2b0d17c738509518ecc6efa233ee6c10e724f2
ip: 47.16.168.120
firstlogin: 1461422773570.000000
lastlogin: 1461422773572.000000
...
