---
password: 5276fff96c5778e2457d91f0fa1fcdf3c6bd42eb
ip: 67.243.3.117
firstlogin: 1462643259678.000000
lastlogin: 1462643259681.000000
...
