---
password: 0706025b2bbcec1ed8d64822f4eccd96314938d0
ip: 79.118.9.114
firstlogin: 1461315076551.000000
lastlogin: 1461315076554.000000
...
