---
password: 259f13ad6f14da65f31b13b9ef4eee7eafda7647
ip: 184.20.64.70
firstlogin: 1462236404754.000000
lastlogin: 1462236404760.000000
...
