---
password: 2a28aa56403145f4a28eac6605c9da9aff38ce67
ip: 42.115.30.250
firstlogin: 1461302724166.000000
lastlogin: 1461302724168.000000
...
