---
password: 974e1751bd66515dc9777617ae45d08bbce3182a
ip: 112.203.78.221
firstlogin: 1461327445791.000000
lastlogin: 1461327445793.000000
...
