---
password: 701bc7e40f6671f33e292e1d0bd8bc13a6358a07
ip: 73.40.232.74
firstlogin: 1462021513269.000000
lastlogin: 1462021513276.000000
...
