---
password: 9dce5c8fcb955860594155ff613b70b8e98dfa61
ip: 119.95.230.83
firstlogin: 1462246240760.000000
lastlogin: 1462246240763.000000
...
