---
password: 05d13df2200633bb328e0ab9068ddd11d86d58ec
ip: 79.101.203.123
firstlogin: 1461331424656.000000
lastlogin: 1461331424659.000000
...
