---
password: 7c4a8d09ca3762af61e59520943dc26494f8941b
ip: 172.58.41.219
firstlogin: 1461353179368.000000
lastlogin: 1462234524696.000000
...
