---
password: 5a2210832fae70ce2c418a7ca2c9c79ad10486aa
ip: 160.3.95.133
firstlogin: 1462119457784.000000
lastlogin: 1462119457787.000000
...
