---
password: 82e2d046e31636fe7f327f3103c23fda74258d81
ip: 81.155.154.30
firstlogin: 1462191840470.000000
lastlogin: 1462191840472.000000
...
