---
password: 2db8d6195539a5ff33894ef7b0869483adc626c9
ip: 69.248.183.95
firstlogin: 1461619204582.000000
lastlogin: 1461619204585.000000
...
