---
password: 8bf85aa659ca5847881ebfa39784f763d494fe95
ip: 121.209.86.250
firstlogin: 1462660332040.000000
lastlogin: 1462660332043.000000
...
