---
password: 3e8520872b24736714d527250118c662d5405797
ip: 73.149.37.210
firstlogin: 1462723097578.000000
lastlogin: 1462723097581.000000
...
