---
password: 172cc21f4b90abed2e5875833037bde3549d6ca6
ip: 124.6.181.36
firstlogin: 1461307900331.000000
lastlogin: 1461307900334.000000
...
