---
password: 908383fa6ae72312b1c17f7dd4d731fe18192ff7
ip: 98.197.199.37
firstlogin: 1461965389163.000000
lastlogin: 1462492300721.000000
...
