---
password: 1c2b0d17c738509518ecc6efa233ee6c10e724f2
ip: 76.185.93.110
firstlogin: 1461369279711.000000
lastlogin: 1461384791954.000000
...
