---
password: 9f2cd47dedd328acbed3059cd0b057854b17fe33
ip: 68.2.120.135
firstlogin: 1460956294651.000000
lastlogin: 1460956294654.000000
...
