---
password: 16b23c500d54837f13213853d0abd7783d4f9122
ip: 178.57.114.133
firstlogin: 1460998959930.000000
lastlogin: 1460998959932.000000
...
