---
password: 71364280bb938a366dbb4ca0efded0bbd8f64f24
ip: 50.110.17.73
firstlogin: 1461379779762.000000
lastlogin: 1461379779765.000000
...
