---
password: 76591a4824e9b38319bc6b98a9663c5e8946d91e
ip: 68.97.113.24
firstlogin: 1462659940881.000000
lastlogin: 1462659940890.000000
...
