---
password: 2319c3437fb5eee2998045ddffc0c6f2f779fe0c
ip: 38.80.64.20
firstlogin: 1462037104167.000000
lastlogin: 1462037104170.000000
...
