---
password: 0b12e2373c02f53363933f73fc80857dcdbfed53
ip: 69.204.152.147
firstlogin: 1462116853331.000000
lastlogin: 1462116877899.000000
...
