---
password: 4abc9ab3588d1d3fb0e9e507f6afb052bc7c771e
ip: 46.161.80.147
firstlogin: 1461320143737.000000
lastlogin: 1461320143743.000000
...
