---
password: 514a5748814f003b1c3b483042464f394050a5f2
ip: 124.104.117.66
firstlogin: 1461827753211.000000
lastlogin: 1461827753213.000000
...
