---
password: 3cd74c3e0f2ae584e7b5311a9b9537516915a1b1
ip: 42.113.159.68
firstlogin: 1461337457478.000000
lastlogin: 1461337457480.000000
...
