---
password: 5baa61e4c9b93f3f0682250b6cf8331b7ee68fd8
ip: 73.67.174.176
firstlogin: 1462025889158.000000
lastlogin: 1462025889162.000000
...
