---
password: 5baa61e4c9b93f3f0682250b6cf8331b7ee68fd8
ip: 177.228.122.40
firstlogin: 1462208024442.000000
lastlogin: 1462208024444.000000
...
