---
password: 4b34826836a24de5794f21cda6c8233347321463
ip: 84.30.32.80
firstlogin: 1461606021427.000000
lastlogin: 1461606021430.000000
...
