---
password: 74133cd181e7cc0bd4c5e7bad0c450539a883bc1
ip: 62.212.50.240
firstlogin: 1461352303827.000000
lastlogin: 1461352303832.000000
...
