---
password: 5b7c3c53904747850b5a70ba2fd89141329f4d24
ip: 76.174.53.147
firstlogin: 1461519402165.000000
lastlogin: 1461519402168.000000
...
