---
password: 77a5f2b820983ce006fa2dd3b282914b23baa6d9
ip: 68.109.119.46
firstlogin: 1462113617486.000000
lastlogin: 1462113632400.000000
...
