---
password: 081173e77d7553b2f6851f90711c2ca50355d004
ip: 184.53.33.123
firstlogin: 1462587707761.000000
lastlogin: 1462623046991.000000
...
