---
password: 01b307acba4f54f55aafc33bb06bbbf6ca803e9a
ip: 178.206.202.176
firstlogin: 1461431337297.000000
lastlogin: 1461431337299.000000
...
