---
password: 9853821ee8d275c9af598a3b258ad7d9bbe8a875
ip: 178.34.162.182
firstlogin: 1461268467398.000000
lastlogin: 1461268467400.000000
...
