---
password: 532b7cb35724edecbe93453c5dd8d634a3d9ec03
ip: 65.130.80.54
firstlogin: 1461284555302.000000
lastlogin: 1461421466231.000000
...
