---
password: 0b28fb1f74447f8c65f5b730d70951757d02d1a8
ip: 187.61.235.148
firstlogin: 1461422884085.000000
lastlogin: 1461422884090.000000
...
