---
password: 7b735636dd532e7dbf979d9b2023735da8168ade
ip: 179.253.60.161
firstlogin: 1461278947682.000000
lastlogin: 1461278947684.000000
...
