---
password: 3df7e7323bc9ff0ee3046b8dcdb6eac144547b14
ip: 89.114.194.203
firstlogin: 1461265084436.000000
lastlogin: 1461265084439.000000
...
