---
password: 7f2de34a671047fcaf590092eb960da8f9c90798
ip: 49.150.135.160
firstlogin: 1461374689031.000000
lastlogin: 1461386695543.000000
...
