---
password: 851b360930f4e54f89146e317dfe41cb67391130
ip: 187.147.154.112
firstlogin: 1461269963111.000000
lastlogin: 1461269963115.000000
...
