---
password: 851b360930f4e54f89146e317dfe41cb67391130
ip: 187.147.111.89
firstlogin: 1461359263767.000000
lastlogin: 1461359263769.000000
...
