---
password: 1c2b0d17c738509518ecc6efa233ee6c10e724f2
ip: 176.218.26.200
firstlogin: 1462049232997.000000
lastlogin: 1462049233001.000000
...
