---
password: 1c2b0d17c738509518ecc6efa233ee6c10e724f2
ip: 85.100.92.183
firstlogin: 1461268686698.000000
lastlogin: 1461268686707.000000
...
