---
password: 173db05f38dc2228f06b24fb0509ee10e9df17ad
ip: 85.106.114.156
firstlogin: 1461826614181.000000
lastlogin: 1461826614189.000000
...
