---
password: 6f8997f9fd820e22abbaed30c129befff7eccf50
ip: 93.222.131.17
firstlogin: 1462121099840.000000
lastlogin: 1462121099843.000000
...
