---
password: 1c2b0d17c738509518ecc6efa233ee6c10e724f2
ip: 109.152.10.149
firstlogin: 1462706260373.000000
lastlogin: 1462706260375.000000
...
