---
password: 57d1d86f96c5b0d86820199d67eeae5f8d29c2bf
ip: 37.219.243.156
firstlogin: 1462711574167.000000
lastlogin: 1462711574173.000000
...
