---
password: 5baa61e4c9b93f3f0682250b6cf8331b7ee68fd8
ip: 72.208.174.240
firstlogin: 1461339821286.000000
lastlogin: 1461339821295.000000
...
