---
password: 89cd448f7ad7b96b92f465c076f1395951149835
ip: 101.186.194.244
firstlogin: 1460978194939.000000
lastlogin: 1460978194941.000000
...
