---
password: 297e8ed1ee6406bc62a7303962445a6768bed12e
ip: 181.63.162.130
firstlogin: 1461383736357.000000
lastlogin: 1461383764203.000000
...
