---
password: 7c4a8d09ca3762af61e59520943dc26494f8941b
ip: 88.252.193.36
firstlogin: 1462711048790.000000
lastlogin: 1462711048798.000000
...
