---
password: 32cb9138ce24c9c5d1917211aec19ba409d84f98
ip: 23.118.135.46
firstlogin: 1461371996132.000000
lastlogin: 1461371996135.000000
...
