---
password: 1c2b0d17c738509518ecc6efa233ee6c10e724f2
ip: 112.210.87.217
firstlogin: 1462239670069.000000
lastlogin: 1462239670072.000000
...
