---
password: 83006883991834dc0942d47559128d4d6188f59c
ip: 190.148.78.204
firstlogin: 1461289166693.000000
lastlogin: 1461289166697.000000
...
