---
password: 204921cb04e9a8294edd6dd2d6e966ab6b2c0dc8
ip: 98.15.228.239
firstlogin: 1461384496126.000000
lastlogin: 1461384496129.000000
...
