---
password: 9c7d77277deb877303c71c43212a1fd78380caa6
ip: 96.52.79.85
firstlogin: 1461509392714.000000
lastlogin: 1461509392729.000000
...
