---
password: 5db1efc97045cccdebb6f407d21738479579c540
ip: 2.28.35.91
firstlogin: 1461347900162.000000
lastlogin: 1461347900172.000000
...
