---
password: 86fcf26200c40a3bbf9f48c83899132524ce2af5
ip: 189.172.43.31
firstlogin: 1461284812608.000000
lastlogin: 1461357630476.000000
...
