---
password: 1c2b0d17c738509518ecc6efa233ee6c10e724f2
ip: 156.34.214.225
firstlogin: 1461984386792.000000
lastlogin: 1461984386796.000000
...
