---
password: 46c80c42aee41cae5bdd1595f2eefd7fcde422d7
ip: 73.64.218.172
firstlogin: 1460927577801.000000
lastlogin: 1462670129511.000000
...
