---
password: 8e8c86d0d9530734f9ade377d3cb35bae3b35dc4
ip: 67.84.191.170
firstlogin: 1461252549754.000000
lastlogin: 1461264322798.000000
...
