---
password: 1fb38f079883a9815cc71d208689a880d9b5a33f
ip: 87.214.17.223
firstlogin: 1461346892643.000000
lastlogin: 1461346892649.000000
...
