---
password: 41b80cc050d2e06c597e0888b243a13e1b6259d9
ip: 94.246.131.203
firstlogin: 1461001502394.000000
lastlogin: 1461001502397.000000
...
