---
password: 803426e0c8ec092ed912ed6283cb0a5e063f040c
ip: 78.182.161.68
firstlogin: 1461306230825.000000
lastlogin: 1461306230827.000000
...
