---
password: 6bd09921dd7ceef580b0229859f8a0e70b1f6cdb
ip: 83.254.127.41
firstlogin: 1461334478338.000000
lastlogin: 1461334478344.000000
...
