---
password: 89e53380dd70cf8eafc58e65c504451c10dedd37
ip: 86.100.146.254
firstlogin: 1461328434275.000000
lastlogin: 1461328434278.000000
...
