---
password: 23a0b5e4fb6c6e8280940920212ecd563859cb3c
ip: 70.189.193.155
firstlogin: 1462664525053.000000
lastlogin: 1462664525055.000000
...
