---
password: 70736a363e5489bcb39f80658f533687190498cc
ip: 216.232.242.243
firstlogin: 1461899735243.000000
lastlogin: 1461899735253.000000
...
