---
password: 4d55d0c9e7ad3c07cc660678a303a7d5ada0943d
ip: 76.113.178.71
firstlogin: 1461963779986.000000
lastlogin: 1461963779999.000000
...
