---
password: 9c8d0e39f296b047ad45f023549061893b9cb13b
ip: 72.181.101.59
firstlogin: 1461519885609.000000
lastlogin: 1461519885611.000000
...
