---
password: 63b88ea1273fcf5d9f244612bd5a3a95729f56bd
ip: 176.232.155.215
firstlogin: 1461325827826.000000
lastlogin: 1461856194954.000000
...
