---
password: 6fb10782d52c221592ce67e9d531493d0b50caa9
ip: 119.95.26.117
firstlogin: 1461311928376.000000
lastlogin: 1461311928382.000000
...
