---
password: 3816087f2828125d5cabd5db99bca425c96f317a
ip: 201.191.195.33
firstlogin: 1461382848263.000000
lastlogin: 1461450296793.000000
...
