---
password: 7c4a8d09ca3762af61e59520943dc26494f8941b
ip: 68.198.22.15
firstlogin: 1461365649488.000000
lastlogin: 1461365649490.000000
...
