---
password: 90cefe7404ffb4fc8e121cafb0bb185c0b3d8c73
ip: 14.34.137.18
firstlogin: 1462682510610.000000
lastlogin: 1462682510613.000000
...
