---
password: 6795212b4b4ef2ea1e454a8a82ceaa98cc8725c1
ip: 77.97.243.18
firstlogin: 1461355068539.000000
lastlogin: 1461355068543.000000
...
