---
password: 601f1889667efaebb33b8c12572835da3f027f78
ip: 176.41.63.74
firstlogin: 1462039594054.000000
lastlogin: 1462039594060.000000
...
