---
password: 6af6b951ee912b76128b3352b2a05ec08e639513
ip: 184.4.12.141
firstlogin: 1461429901381.000000
lastlogin: 1461429901384.000000
...
