---
password: 2e705cb848221a920dcb30bc8bc0a33425b0f7b0
ip: 67.0.162.13
firstlogin: 1461295221965.000000
lastlogin: 1461295907824.000000
...
