---
password: 1c2b0d17c738509518ecc6efa233ee6c10e724f2
ip: 173.180.79.104
firstlogin: 1461376383942.000000
lastlogin: 1461376383951.000000
...
