---
password: 2ee78a12705aae893842763e83d0e8e53899f5ae
ip: 76.179.105.24
firstlogin: 1460912877968.000000
lastlogin: 1460912877978.000000
...
