---
password: 011c945f30ce2cbafc452f39840f025693339c42
ip: 73.163.116.116
firstlogin: 1461281888787.000000
lastlogin: 1461281888789.000000
...
