---
password: 9c29d3085db56c7da315a2843661273581ffa66c
ip: 68.34.204.78
firstlogin: 1461290217799.000000
lastlogin: 1461290217802.000000
...
