---
password: 345c48df2b6cddc70b02bd189640a34709ab94a7
ip: 118.137.110.195
firstlogin: 1462023094932.000000
lastlogin: 1462023094943.000000
...
