---
password: 1c2b0d17c738509518ecc6efa233ee6c10e724f2
ip: 112.201.167.26
firstlogin: 1460979302461.000000
lastlogin: 1460979302464.000000
...
