---
password: 070e2f3f5cffc6365b80423140de7d408455b352
ip: 172.79.74.254
firstlogin: 1460963412765.000000
lastlogin: 1460963412774.000000
...
