---
password: 7c7dbb8a3561049a2f067f187f0f4cfd86346976
ip: 46.5.0.215
firstlogin: 1461338913965.000000
lastlogin: 1462599543793.000000
...
