---
password: 03d67c263c27a453ef65b29e30334727333ccbcd
ip: 71.90.56.47
firstlogin: 1461026065849.000000
lastlogin: 1461282371083.000000
...
