---
password: 499ccdc420f9138d17b1c3af76159c941d694077
ip: 179.56.35.147
firstlogin: 1461275084774.000000
lastlogin: 1461275084777.000000
...
