---
password: 9dc152428768f5377d97adb162df944037760a64
ip: 109.98.164.114
firstlogin: 1461305455740.000000
lastlogin: 1461305455748.000000
...
