---
password: 7b52009b64fd0a2a49e6d8a939753077792b0554
ip: 184.15.17.123
firstlogin: 1461977833301.000000
lastlogin: 1461977833303.000000
...
