---
password: 0e818bfa0679df304036382aaa7667df92cbe30e
ip: 108.6.219.12
firstlogin: 1461770272669.000000
lastlogin: 1461770272713.000000
...
