---
password: 41d56e769ecb92d28571660274110bf2ddfc4f07
ip: 141.255.92.197
firstlogin: 1461324945889.000000
lastlogin: 1461324945892.000000
...
