---
password: 5c29184f7844e62f4b0a18b08f7642de566cf26b
ip: 109.133.5.5
firstlogin: 1461000945809.000000
lastlogin: 1461000945816.000000
...
