---
password: 247731c75f3b277594afe05f8b1d0ee049da0b08
ip: 119.94.190.13
firstlogin: 1461285775389.000000
lastlogin: 1461303988431.000000
...
