---
password: 92005ecf3788faea8346a7919fba0232188561ab
ip: 23.115.182.224
firstlogin: 1462032654839.000000
lastlogin: 1462647467710.000000
...
