---
password: 89449592480ab5473bdce60ef81b0178bcc095e7
ip: 24.112.141.180
firstlogin: 1461352760178.000000
lastlogin: 1461459419312.000000
...
