---
password: 6295a22eb4fff16410bd2bfdd3f6b25e37b87b40
ip: 99.135.105.21
firstlogin: 1461450967383.000000
lastlogin: 1461450967386.000000
...
