---
password: 7e64a2fbcc24cc6f9095d8dcf7135754cbd9ffcb
ip: 91.115.80.148
firstlogin: 1461329150289.000000
lastlogin: 1461329150295.000000
...
