---
password: 3aca8f51192177c642c40c029c7aaad689f73b90
ip: 67.174.148.76
firstlogin: 1461248952322.000000
lastlogin: 1461248952331.000000
...
