---
password: 250e77f12a5ab6972a0895d290c4792f0a326ea8
ip: 67.9.134.94
firstlogin: 1461381521501.000000
lastlogin: 1461381521505.000000
...
