---
password: 296d8098125438f36eff541b7059acdbdafbff6c
ip: 107.188.239.241
firstlogin: 1462052728007.000000
lastlogin: 1462052728009.000000
...
