---
password: 5ea07b77a16ec4cf395a45e1f1900a40d8993a9b
ip: 108.193.105.8
firstlogin: 1461290109244.000000
lastlogin: 1461290109246.000000
...
