---
password: 3433bc6a44b7b89ca83ce7d60fc7ff630343e6e5
ip: 174.22.226.140
firstlogin: 1461275346879.000000
lastlogin: 1461275346882.000000
...
