---
password: 17eeab00f2556615d34c2c4d2698331ce02dc821
ip: 68.132.187.145
firstlogin: 1461596552009.000000
lastlogin: 1461596552012.000000
...
