---
password: 7c4a8d09ca3762af61e59520943dc26494f8941b
ip: 179.228.68.122
firstlogin: 1462226754442.000000
lastlogin: 1462226754446.000000
...
