---
password: 68cd9aa1f7532f81760267dd1bdcc78d6b1cd1dc
ip: 187.159.239.162
firstlogin: 1461377399343.000000
lastlogin: 1461377399345.000000
...
