---
password: 9f2c0f3bed37685e9682dca8058ff26ecf2b8f74
ip: 78.15.165.166
firstlogin: 1461267485672.000000
lastlogin: 1461267485675.000000
...
