---
password: 7996f32ec8db89fddb572e43bc40ce8705d0cefd
ip: 5.237.31.204
firstlogin: 1461343275006.000000
lastlogin: 1461343275008.000000
...
