---
password: 1570b90266892a0055ad1074412e997faaa02fe3
ip: 95.24.184.176
firstlogin: 1461422790667.000000
lastlogin: 1461422790669.000000
...
