---
password: 8235c838ba7a787dc165b031d5cef85a08c0c3bd
ip: 187.120.154.223
firstlogin: 1461299314075.000000
lastlogin: 1461299314077.000000
...
