---
password: 5aa28664dfab74ba2d0ad632df19fc3150333a73
ip: 203.106.155.122
firstlogin: 1461289146547.000000
lastlogin: 1461294584433.000000
...
