---
password: 487e9e1b0dae173987587c7a8477d3150cba223c
ip: 212.252.161.176
firstlogin: 1461431835967.000000
lastlogin: 1461431835969.000000
...
