---
password: 7c4a8d09ca3762af61e59520943dc26494f8941b
ip: 194.135.152.250
firstlogin: 1461424692918.000000
lastlogin: 1461424692920.000000
...
