---
password: 431ef4c5da9a59cbbe78df77a53fcc737a3b78fa
ip: 73.246.169.226
firstlogin: 1461376372174.000000
lastlogin: 1461376372183.000000
...
