---
password: 300be31422ab1b0eb09999d1f1bb09c4a9cd9625
ip: 122.108.180.224
firstlogin: 1461324127443.000000
lastlogin: 1461324127446.000000
...
