---
password: 21c81652179c3e4565e63485104c685f9b8e77a1
ip: 108.213.237.1
firstlogin: 1461420806159.000000
lastlogin: 1461420806164.000000
...
