---
password: 2f8f37e09f76ed80027cc8f15aa23ecbff0e8cca
ip: 96.226.195.231
firstlogin: 1462225837232.000000
lastlogin: 1462585660810.000000
...
