---
password: 2f8f37e09f76ed80027cc8f15aa23ecbff0e8cca
ip: 96.226.195.231
firstlogin: 1462117361161.000000
lastlogin: 1462117361164.000000
...
