---
password: 77798bcfb4c9c0419e7b2bfabe00a258c848d304
ip: 5.68.230.96
firstlogin: 1462007370132.000000
lastlogin: 1462007370137.000000
...
