---
password: 8ad73f44e4ab9bb4a1f71e7708bb1b257fadba88
ip: 50.184.6.51
firstlogin: 1461378722870.000000
lastlogin: 1461378722877.000000
...
