---
password: 04d19737abf0f6d1d4a3c00fea096d4b65211251
ip: 97.84.65.16
firstlogin: 1461542018949.000000
lastlogin: 1461542018954.000000
...
