---
password: 77a5f2b820983ce006fa2dd3b282914b23baa6d9
ip: 201.80.17.192
firstlogin: 1461331174558.000000
lastlogin: 1461331174561.000000
...
