---
password: 70ba8f0f0ae07bdc950ba9d8c798e47fa003fb8a
ip: 24.167.243.21
firstlogin: 1462026254709.000000
lastlogin: 1462026254713.000000
...
