---
password: 46df834ec336c0bcd8596cb627c1b32608976baa
ip: 66.87.134.179
firstlogin: 1461291565833.000000
lastlogin: 1461291870546.000000
...
