---
password: 7a7500abfb2a5ee7a4aa6229780c6b6be9e71963
ip: 73.27.5.60
firstlogin: 1461380520717.000000
lastlogin: 1461380520726.000000
...
