---
password: 5d52443f389c4ce7050970b09eb1c293dda87259
ip: 96.41.67.245
firstlogin: 1461296474655.000000
lastlogin: 1461620481976.000000
...
