---
password: 778f7971a011271f7acbb52c8f1fc0e761d5530c
ip: 78.173.1.134
firstlogin: 1461343955370.000000
lastlogin: 1461343955373.000000
...
