---
password: 1c2b0d17c738509518ecc6efa233ee6c10e724f2
ip: 5.13.49.74
firstlogin: 1460920979996.000000
lastlogin: 1460920980006.000000
...
