---
password: 1c2b0d17c738509518ecc6efa233ee6c10e724f2
ip: 90.207.180.63
firstlogin: 1461606566581.000000
lastlogin: 1461774054924.000000
...
