---
password: 5b38112feb9128d5adcf954ac320c5239e309ef6
ip: 113.182.202.141
firstlogin: 1462200480284.000000
lastlogin: 1462200480287.000000
...
