---
password: 5bd9f7248df0f3a6a86ab6c95f48787d546efa14
ip: 188.221.179.244
firstlogin: 1462040457082.000000
lastlogin: 1462040457087.000000
...
