---
password: 3528e3479573924b1a40d81d10ab3432a3ed4ad2
ip: 2.89.152.84
firstlogin: 1462723186114.000000
lastlogin: 1462723186118.000000
...
