---
password: 1c2b0d17c738509518ecc6efa233ee6c10e724f2
ip: 186.107.43.35
firstlogin: 1461269668943.000000
lastlogin: 1461618643433.000000
...
