---
password: 20eabe5d64b0e216796e834f52d61fd0b70332fc
ip: 88.232.11.244
firstlogin: 1461345597055.000000
lastlogin: 1461345597058.000000
...
