---
password: 79f7df655baa105efbb08c6fc2c437048a16f2f1
ip: 176.111.186.12
firstlogin: 1461308359031.000000
lastlogin: 1461308359033.000000
...
