---
password: 1c2b0d17c738509518ecc6efa233ee6c10e724f2
ip: 75.155.237.62
firstlogin: 1461284622090.000000
lastlogin: 1461284622093.000000
...
