---
password: 544942766fd5c9246782c8469ee14a8e190a5775
ip: 73.177.98.65
firstlogin: 1461896077599.000000
lastlogin: 1461896077605.000000
...
