---
password: 95d79f53b52da1408cc79d83f445224a58355b13
ip: 50.172.185.78
firstlogin: 1462033892380.000000
lastlogin: 1462033892383.000000
...
