---
password: 894f78767b7562769cbd021bc08f3cd19743798b
ip: 95.118.151.196
firstlogin: 1462382671456.000000
lastlogin: 1462382671465.000000
...
