---
password: 7e79f698fc3f302370b75f6af00e50ff6a6446de
ip: 99.170.225.222
firstlogin: 1461419594517.000000
lastlogin: 1461419594522.000000
...
