---
password: 12db64c370b108d5eb35c87517ca388efb91fab5
ip: 37.239.156.18
firstlogin: 1461268529324.000000
lastlogin: 1461268529342.000000
...
