---
password: 1b2431e1ebbce14d30076efae7b173512082aaa3
ip: 172.248.183.234
firstlogin: 1462243587747.000000
lastlogin: 1462243587749.000000
...
