---
password: 09a1ea5214565081d1a8f7e5b691f12160d722c9
ip: 95.114.219.43
firstlogin: 1461001159806.000000
lastlogin: 1461001159808.000000
...
