---
password: 8a12081e50e73dee6e84f51f9518830d71f3c3d5
ip: 173.72.189.27
firstlogin: 1462024012276.000000
lastlogin: 1462231476281.000000
...
