---
password: 01b307acba4f54f55aafc33bb06bbbf6ca803e9a
ip: 31.206.188.41
firstlogin: 1462724396075.000000
lastlogin: 1462724396082.000000
...
