---
password: 1c2b0d17c738509518ecc6efa233ee6c10e724f2
ip: 190.139.127.235
firstlogin: 1461384211864.000000
lastlogin: 1461384211866.000000
...
