---
password: 8c18c0669214415483bc885c1f9907f7cbc18fa2
ip: 5.13.229.28
firstlogin: 1462201560191.000000
lastlogin: 1462201560193.000000
...
