---
password: 70352f41061eda4ff3c322094af068ba70c3b38b
ip: 81.163.240.98
firstlogin: 1461273842825.000000
lastlogin: 1461273842829.000000
...
