---
password: 5baa61e4c9b93f3f0682250b6cf8331b7ee68fd8
ip: 177.18.198.37
firstlogin: 1462024921575.000000
lastlogin: 1462024921581.000000
...
