---
password: 5dd4ebdac62609c834f7768f02286b798bd82a38
ip: 189.167.135.250
firstlogin: 1461293606704.000000
lastlogin: 1461293606713.000000
...
