---
password: 428e87fd68bda8c37f350e634e1be58863f9189c
ip: 115.133.89.188
firstlogin: 1461321008250.000000
lastlogin: 1461321008256.000000
...
