---
password: 5a9ff4f4a374bb72fe040cf5f78deb8af1a84135
ip: 181.199.109.33
firstlogin: 1461268535480.000000
lastlogin: 1461268535482.000000
...
