---
password: 899435c0333440d3cf90770edfa0f2d8338d2b24
ip: 93.44.104.159
firstlogin: 1460991788499.000000
lastlogin: 1460991788502.000000
...
