---
password: 49bdf23e9c64c5d2d7726d05cc319bec06a2bc8c
ip: 119.82.94.110
firstlogin: 1462189075227.000000
lastlogin: 1462189075230.000000
...
