---
password: 07d095657907f31d52a80824e4e918583214572d
ip: 85.248.157.236
firstlogin: 1460910379402.000000
lastlogin: 1462030925492.000000
...
