---
password: 55d4c1cc7d569e1643f733468cf375a6793f58cb
ip: 82.155.231.144
firstlogin: 1461335563386.000000
lastlogin: 1461335563388.000000
...
