---
password: 0ef30a59758673fc9c7b6cae391e138ff98182fc
ip: 122.148.9.108
firstlogin: 1461552847739.000000
lastlogin: 1462063576364.000000
...
