---
password: 309cda58b3127578c9716bf1359fd838c4fadec4
ip: 202.154.158.36
firstlogin: 1461450592802.000000
lastlogin: 1461450592805.000000
...
