---
password: 76cfbcd80719fb2f48437ea4b85d77c2bfc15515
ip: 69.65.85.185
firstlogin: 1461272122065.000000
lastlogin: 1461363039231.000000
...
