---
password: 2f44c978cd13740f7169da58e6b3e681a3b06eea
ip: 72.95.159.7
firstlogin: 1462577525106.000000
lastlogin: 1462577525109.000000
...
