---
password: 1c2b0d17c738509518ecc6efa233ee6c10e724f2
ip: 76.23.92.27
firstlogin: 1462045815484.000000
lastlogin: 1462045815489.000000
...
