---
password: 77a5f2b820983ce006fa2dd3b282914b23baa6d9
ip: 172.3.182.114
firstlogin: 1462039584849.000000
lastlogin: 1462039584855.000000
...
