---
password: 3d9209c4598bfbc38b3c096081bee3a09697e939
ip: 68.62.194.125
firstlogin: 1461363976280.000000
lastlogin: 1461363976285.000000
...
