---
password: 9a97d80cf0bba442d2d379901aef95d2751ab854
ip: 62.68.101.51
firstlogin: 1461335819843.000000
lastlogin: 1461515450198.000000
...
