---
password: 7c4a8d09ca3762af61e59520943dc26494f8941b
ip: 97.85.80.103
firstlogin: 1462053203655.000000
lastlogin: 1462053203661.000000
...
