---
password: 5a68b2fd55f3db64eec363fd2271b319e8db9f71
ip: 104.251.247.90
firstlogin: 1461626317479.000000
lastlogin: 1461626317481.000000
...
