---
password: 3db2e4335eb946b15b6a46bf57c51ad8905ec172
ip: 113.169.77.225
firstlogin: 1461304711669.000000
lastlogin: 1461304711672.000000
...
