---
password: 47f699ac7fe3b124d4c420ff316e88328f6760b8
ip: 177.155.39.203
firstlogin: 1462715514361.000000
lastlogin: 1462715514368.000000
...
