---
password: 0cd8c7fcb2cd8fed8141b6bcd0a6b7cd2ffc551f
ip: 37.144.64.55
firstlogin: 1461001284554.000000
lastlogin: 1461001284558.000000
...
