---
password: 9d782f0f95e7191d17a9e6e135e9874d906c22c5
ip: 24.38.219.145
firstlogin: 1461421281244.000000
lastlogin: 1461421281246.000000
...
