---
password: 1c2b0d17c738509518ecc6efa233ee6c10e724f2
ip: 31.54.180.19
firstlogin: 1461365937838.000000
lastlogin: 1461365937844.000000
...
