---
password: 7c222fb2927d828af22f592134e8932480637c0d
ip: 180.191.74.224
firstlogin: 1461557795908.000000
lastlogin: 1461557795914.000000
...
