---
password: 4a5b46ab366023f044d53dfb3dc9d94a311daa95
ip: 72.129.253.193
firstlogin: 1462113298412.000000
lastlogin: 1462113298415.000000
...
