---
password: 1dee24fbd38dca3d95b98662ea97a2105ad14b3e
ip: 66.87.70.232
firstlogin: 1462334842680.000000
lastlogin: 1462334842689.000000
...
