---
password: 9c4c6363b348026b5ce5f08a651c3673cd81d090
ip: 73.88.140.199
firstlogin: 1462153925351.000000
lastlogin: 1462153937839.000000
...
