---
password: 20f30b41b970d80d512e35356f9bda2905ba82f1
ip: 32.213.254.150
firstlogin: 1462117386731.000000
lastlogin: 1462660950012.000000
...
