---
password: 56a78ac867cc1964c3a8261513895e486e478f3a
ip: 82.217.166.213
firstlogin: 1460991742594.000000
lastlogin: 1461092665064.000000
...
