---
password: 838a25645d3983d73c3e3dffd3f8a0440b7c149f
ip: 66.86.71.65
firstlogin: 1462581768663.000000
lastlogin: 1462581770246.000000
...
