---
password: 5baa61e4c9b93f3f0682250b6cf8331b7ee68fd8
ip: 121.54.54.226
firstlogin: 1460954430329.000000
lastlogin: 1460960323658.000000
...
