---
password: 30cb5f2e8afebbe05bbba6f70b16cdc9744b0b94
ip: 109.83.2.152
firstlogin: 1461595681988.000000
lastlogin: 1461595681991.000000
...
