---
password: 0de36728c1882a6165568d8b25d10e12800f4517
ip: 24.207.95.28
firstlogin: 1462587031957.000000
lastlogin: 1462720542335.000000
...
