---
password: 2ecca7170304b7efb26d58da4b1fb3fdcfad553d
ip: 1.32.75.65
firstlogin: 1462156681165.000000
lastlogin: 1462677562062.000000
...
