---
password: 62c1e2d0e43183bd5888a7fdf6bafb537cdc1da2
ip: 177.228.71.114
firstlogin: 1460924456142.000000
lastlogin: 1462592192436.000000
...
