---
password: 1c2b0d17c738509518ecc6efa233ee6c10e724f2
ip: 71.28.186.166
firstlogin: 1461266994821.000000
lastlogin: 1461266994831.000000
...
