---
password: 3f4aeccc3114f61f176c232e4627266d7ef8de5a
ip: 71.199.176.6
firstlogin: 1461985138195.000000
lastlogin: 1462116138878.000000
...
