---
password: 706f31079151a65487764a8480694709c798258f
ip: 86.45.180.185
firstlogin: 1461338360974.000000
lastlogin: 1461438311723.000000
...
