---
password: 64975da068e676d7105f70d2a59e0e9989080c66
ip: 180.190.64.215
firstlogin: 1462617084825.000000
lastlogin: 1462617084827.000000
...
