---
password: 917717eca39998b28cb7c2c45c0fd813bccb67ba
ip: 92.108.183.163
firstlogin: 1462033961450.000000
lastlogin: 1462208653037.000000
...
