---
password: 7c222fb2927d828af22f592134e8932480637c0d
ip: 213.192.5.252
firstlogin: 1461334705546.000000
lastlogin: 1461334705548.000000
...
