---
password: 1c2b0d17c738509518ecc6efa233ee6c10e724f2
ip: 89.241.214.218
firstlogin: 1461963316121.000000
lastlogin: 1462637503963.000000
...
