---
password: 1fb4a4f47f2938569082da80a86ccf0dd4726ffe
ip: 93.207.129.21
firstlogin: 1461342756543.000000
lastlogin: 1461342756548.000000
...
