---
password: 36599c62e9a19455e835c2919b8075b5f45be383
ip: 77.96.147.49
firstlogin: 1461426363637.000000
lastlogin: 1461426363640.000000
...
