---
password: 90edf0f8a125139a3c596b91fc64a195a9a547e0
ip: 138.97.26.222
firstlogin: 1461321873771.000000
lastlogin: 1461321873775.000000
...
