---
password: 6b9f13643c385298470a18c44759d3cdda80b44a
ip: 223.207.80.28
firstlogin: 1461302229209.000000
lastlogin: 1461302234452.000000
...
