---
password: 1c2b0d17c738509518ecc6efa233ee6c10e724f2
ip: 96.18.28.149
firstlogin: 1461371166050.000000
lastlogin: 1461371166054.000000
...
