---
password: 2911a91244e42852f8912bf683b9c696ec62bd4f
ip: 68.104.108.58
firstlogin: 1461338246986.000000
lastlogin: 1461338246988.000000
...
