---
password: 1a7039f2f0ed0f5c5be6ea86d22bd307bfcf9df6
ip: 73.210.179.95
firstlogin: 1460922494167.000000
lastlogin: 1460922494170.000000
...
