---
password: 1c2b0d17c738509518ecc6efa233ee6c10e724f2
ip: 84.214.190.151
firstlogin: 1462378217339.000000
lastlogin: 1462378217341.000000
...
