---
password: 884bb3982a8f1dfaaf85ddd66e2c7b1949a7c89c
ip: 82.53.36.29
firstlogin: 1461419848262.000000
lastlogin: 1461419848271.000000
...
