---
password: 59c826fc854197cbd4d1083bce8fc00d0761e8b3
ip: 184.98.78.235
firstlogin: 1462663731024.000000
lastlogin: 1462663731031.000000
...
