---
password: 14e9d792c4eb46fecf603ac10353be73cfe9202c
ip: 112.204.83.44
firstlogin: 1461335433054.000000
lastlogin: 1461335433064.000000
...
