---
password: 557b58cd16211c2f63adc2d3f10c79a5f561f860
ip: 105.229.58.217
firstlogin: 1460905893813.000000
lastlogin: 1460906385884.000000
...
