---
password: 1c2b0d17c738509518ecc6efa233ee6c10e724f2
ip: 68.134.217.123
firstlogin: 1462572500149.000000
lastlogin: 1462572500151.000000
...
