---
password: 8ab6ab6332589c1971179fd6e40c31376bbb07d6
ip: 166.182.83.230
firstlogin: 1461363068490.000000
lastlogin: 1461363068492.000000
...
