---
password: 8d38a9d755e21bb013dc38f35a3101c29cc25005
ip: 112.203.180.19
firstlogin: 1461325421434.000000
lastlogin: 1461325421437.000000
...
