---
password: 1c2b0d17c738509518ecc6efa233ee6c10e724f2
ip: 82.178.231.98
firstlogin: 1461343570553.000000
lastlogin: 1461343570556.000000
...
