---
password: 97b918dec08ca5101ec623f6d69b06ae4e00b596
ip: 75.162.115.189
firstlogin: 1460909184261.000000
lastlogin: 1460909184264.000000
...
