---
password: 39a1cd0d158faeec70a1a650b96bf4d0b441ce79
ip: 24.91.103.174
firstlogin: 1462045700239.000000
lastlogin: 1462115432695.000000
...
