---
password: 9cacade2e3046d82928e9a2787d90b15509c0eb3
ip: 46.1.127.178
firstlogin: 1461268698583.000000
lastlogin: 1461300661243.000000
...
