---
password: 9495ce40cb62c58a218b6286a00a3e19ff9a3e8d
ip: 85.96.36.240
firstlogin: 1461313340854.000000
lastlogin: 1461313340857.000000
...
