---
password: 325acaf8d258c1cedc24b317b25e572f7b73793c
ip: 180.191.76.138
firstlogin: 1461382092657.000000
lastlogin: 1461452411042.000000
...
