---
password: 2d91c5a8324a4d727fed27f51280c470e461dd92
ip: 89.136.166.38
firstlogin: 1461330324507.000000
lastlogin: 1461330324510.000000
...
