---
password: 82eeac0106deebb1edb944e29ffc8a054434e012
ip: 73.191.247.234
firstlogin: 1461990241485.000000
lastlogin: 1461990241490.000000
...
