---
password: 8c9706be90b5c5cb7da6fd07de15dd9ddd91c16e
ip: 24.218.216.117
firstlogin: 1460910606217.000000
lastlogin: 1461110084953.000000
...
