---
password: 698a23795d0c41607c2b59bb1d665fba4b7865d2
ip: 99.38.110.156
firstlogin: 1461516855054.000000
lastlogin: 1461542543659.000000
...
