---
password: 41ae41107f68c5f6cb83171614f7cf276b0b3572
ip: 75.133.133.252
firstlogin: 1461274628577.000000
lastlogin: 1461274628580.000000
...
