---
password: 1c2b0d17c738509518ecc6efa233ee6c10e724f2
ip: 90.203.74.227
firstlogin: 1461424764216.000000
lastlogin: 1461424764219.000000
...
