---
password: 18a98c35f49808b45edadc75fb1b25ebfd4037d6
ip: 101.173.74.38
firstlogin: 1461319256145.000000
lastlogin: 1461319256147.000000
...
