---
password: 20eabe5d64b0e216796e834f52d61fd0b70332fc
ip: 189.115.157.77
firstlogin: 1461381568095.000000
lastlogin: 1461381568101.000000
...
