---
password: 4d9012b4a77a9524d675dad27c3276ab5705e5e8
ip: 186.237.217.210
firstlogin: 1461333817029.000000
lastlogin: 1461333817032.000000
...
