---
password: 18b9b0039ee3143017c51048e91f1f82543c8f70
ip: 177.41.209.47
firstlogin: 1461350997805.000000
lastlogin: 1461350997807.000000
...
