---
password: 7daf7ed2dff07be3369e5ea88da3c46279fb4f98
ip: 168.90.167.55
firstlogin: 1462196098353.000000
lastlogin: 1462196121695.000000
...
