---
password: 18a98c35f49808b45edadc75fb1b25ebfd4037d6
ip: 79.235.198.18
firstlogin: 1461347479202.000000
lastlogin: 1461347479222.000000
...
