---
password: 13477cc9a12a3866bf9d2ca82150db4be3f3a500
ip: 120.28.122.180
firstlogin: 1462206084959.000000
lastlogin: 1462344981991.000000
...
