---
password: 0d760ac1d7008aeb07db14c007ac929d54bf7368
ip: 88.253.146.171
firstlogin: 1462646728073.000000
lastlogin: 1462646741815.000000
...
