---
password: 6884f49c0e1dd3f25bfb02aaef996db649836341
ip: 50.107.0.219
firstlogin: 1461518539759.000000
lastlogin: 1461518539763.000000
...
