---
password: 259c733981a0f51f627a3b48e9ebb1c597e12e41
ip: 192.99.37.176
firstlogin: 1462068504379.000000
lastlogin: 1462068504386.000000
...
