---
password: 31c0187a8bb0b6a82d53875b82a63f8c2fc6edf6
ip: 94.6.208.78
firstlogin: 1462341506368.000000
lastlogin: 1462341506372.000000
...
