---
password: 7cd7e8ceebba70e1c566211f72fc38377320580b
ip: 99.243.107.133
firstlogin: 1461450482200.000000
lastlogin: 1461450482202.000000
...
