---
password: 4418cef40fd3e1ce1237de4efbd148f97167338e
ip: 50.178.51.87
firstlogin: 1461292076780.000000
lastlogin: 1462650672143.000000
...
