---
password: 1c2b0d17c738509518ecc6efa233ee6c10e724f2
ip: 24.208.243.159
firstlogin: 1461387054512.000000
lastlogin: 1461387054514.000000
...
