---
password: 1a06d5663291e7f39b55e936b99caa939ddb7312
ip: 93.147.74.17
firstlogin: 1461273275379.000000
lastlogin: 1461346147402.000000
...
