---
password: 3d9128fb024eff2a0ea8be2cadcd96522f1af53e
ip: 187.13.239.101
firstlogin: 1462191512030.000000
lastlogin: 1462191512033.000000
...
