---
password: 2c20b5ce3c4adcebbf317f6ead62e52fae18730c
ip: 24.181.51.6
firstlogin: 1461374401621.000000
lastlogin: 1461374401623.000000
...
