---
password: 2e45c240e0334449a63c60a092801809b86020d0
ip: 174.62.69.169
firstlogin: 1461287166329.000000
lastlogin: 1461287166332.000000
...
