---
password: 95b57a78e46c7d088c861595ce0f37998b75a8ae
ip: 77.181.203.169
firstlogin: 1461343828960.000000
lastlogin: 1461343828963.000000
...
