---
password: 7e465cb631145f89f634cde2fa537ddf3b43e706
ip: 68.100.122.5
firstlogin: 1461297682448.000000
lastlogin: 1461297682451.000000
...
