---
password: 1c2b0d17c738509518ecc6efa233ee6c10e724f2
ip: 112.203.238.66
firstlogin: 1461304769269.000000
lastlogin: 1461304769278.000000
...
