---
password: 1133333ba545a285d3b7da69ebfbdd4e138a1d97
ip: 124.104.86.12
firstlogin: 1461306117387.000000
lastlogin: 1461306117389.000000
...
