---
password: 3002696a2b7332e20807ae26052e405b56fd8790
ip: 5.12.9.174
firstlogin: 1460961046541.000000
lastlogin: 1460961046543.000000
...
