---
password: 4f6a423a501b9efba4c5e4795415b6d97ba6a012
ip: 14.0.154.167
firstlogin: 1461071316646.000000
lastlogin: 1461071316648.000000
...
