---
password: 0a2a0014d83ce8ff20a04c27cf7a471db9bc6af2
ip: 71.68.26.106
firstlogin: 1462622213410.000000
lastlogin: 1462622213413.000000
...
