---
password: 83d303a3c7f7085512d59cc7f79d3284ebc3995a
ip: 71.82.89.249
firstlogin: 1462064036398.000000
lastlogin: 1462064036407.000000
...
