---
password: 7c222fb2927d828af22f592134e8932480637c0d
ip: 108.92.170.29
firstlogin: 1461284619512.000000
lastlogin: 1461284619515.000000
...
