---
password: 1c2b0d17c738509518ecc6efa233ee6c10e724f2
ip: 99.45.252.57
firstlogin: 1461294690460.000000
lastlogin: 1461294690464.000000
...
