---
password: 098e7a398d60cd93982a5f4a11eb8acb2ebcfb16
ip: 5.64.172.115
firstlogin: 1461346520004.000000
lastlogin: 1461346520006.000000
...
