---
password: 8e0698396b77d6e5869eafa085ad9c2bd2797f4c
ip: 223.206.244.80
firstlogin: 1461311450363.000000
lastlogin: 1461311450367.000000
...
