---
password: 404286604479b006016eb09e4a6a982ef041fc66
ip: 213.74.86.146
firstlogin: 1461313623987.000000
lastlogin: 1461773507051.000000
...
