---
password: 1b6636922301b318321bd2bc721364e5fd3218e8
ip: 72.197.227.140
firstlogin: 1462646985316.000000
lastlogin: 1462646985325.000000
...
