---
password: 59a3960b409b71cd9a0e6aceeefc896e952d3d39
ip: 70.124.110.86
firstlogin: 1461361650893.000000
lastlogin: 1461361650900.000000
...
