---
password: 1c2b0d17c738509518ecc6efa233ee6c10e724f2
ip: 88.227.67.112
firstlogin: 1461443238457.000000
lastlogin: 1461443238460.000000
...
