---
password: 2bf159df68e376423f138ec6c5f7dd675aca2628
ip: 80.200.122.69
firstlogin: 1461267488949.000000
lastlogin: 1461267488951.000000
...
