---
password: 33cfc4955c58d9fc6516f4e042259e7911e28279
ip: 99.247.224.25
firstlogin: 1462620928786.000000
lastlogin: 1462620928789.000000
...
