---
password: 270a9234494a510ea8efc619dd1de583b282453f
ip: 188.102.43.159
firstlogin: 1461357399817.000000
lastlogin: 1461357399820.000000
...
