---
password: 99e0b44540a0caa5679d7fd8cbacb44f5ac00983
ip: 73.157.243.223
firstlogin: 1462143695350.000000
lastlogin: 1462143695352.000000
...
