---
password: 4d03d5d9fcc2741ad50327d4b340e2667babde8a
ip: 76.95.157.64
firstlogin: 1462114300003.000000
lastlogin: 1462114300009.000000
...
