---
password: 9aa4e8f7f59d5175e0bade010150ea61d05cb216
ip: 68.103.249.210
firstlogin: 1461267599022.000000
lastlogin: 1461362420607.000000
...
