---
password: 56afd978ac4b3451601e6d7fcb11a9bc4dfdef0a
ip: 71.110.118.205
firstlogin: 1460934423843.000000
lastlogin: 1460934423848.000000
...
