---
password: 80a00001119b9ef2fb832a157044c0cb7025dea7
ip: 67.48.120.10
firstlogin: 1461320236211.000000
lastlogin: 1461320236214.000000
...
