---
password: 1c2b0d17c738509518ecc6efa233ee6c10e724f2
ip: 58.170.51.10
firstlogin: 1461291434363.000000
lastlogin: 1461291434366.000000
...
