---
password: 5baa61e4c9b93f3f0682250b6cf8331b7ee68fd8
ip: 179.187.192.244
firstlogin: 1461277350660.000000
lastlogin: 1461277350663.000000
...
