---
password: 2a579cb7f3c405fb731febadcb97a46164cc2cce
ip: 180.191.68.196
firstlogin: 1461310625683.000000
lastlogin: 1461310625686.000000
...
