---
password: 52cc409c14f82f3a76221f3c79afcc7192612a63
ip: 187.14.93.98
firstlogin: 1461369523367.000000
lastlogin: 1461369523371.000000
...
