---
password: 1c2b0d17c738509518ecc6efa233ee6c10e724f2
ip: 66.87.149.43
firstlogin: 1462712544697.000000
lastlogin: 1462712556859.000000
...
