---
password: 2258fbc8182af04da475b8599db357d3b846e8ed
ip: 177.201.235.197
firstlogin: 1462053849343.000000
lastlogin: 1462053849346.000000
...
