---
password: 8df7c1df2b4f4e1e6dcd03cc86d7d3dcc8754e6b
ip: 189.18.16.250
firstlogin: 1461802796876.000000
lastlogin: 1461802796878.000000
...
