---
password: 5e2307c1ee0c217d1d765c94e2cb1ec0f778e54f
ip: 68.231.11.26
firstlogin: 1461514188168.000000
lastlogin: 1461514188171.000000
...
