---
password: 77e514fccb9c22ad4d9ef5c5d259dc315e335965
ip: 179.98.133.68
firstlogin: 1462675368556.000000
lastlogin: 1462675368558.000000
...
