---
password: 20eabe5d64b0e216796e834f52d61fd0b70332fc
ip: 186.247.151.93
firstlogin: 1461331387391.000000
lastlogin: 1461370381970.000000
...
