---
password: 5baa61e4c9b93f3f0682250b6cf8331b7ee68fd8
ip: 78.182.113.188
firstlogin: 1460999667808.000000
lastlogin: 1460999667811.000000
...
