---
password: 995d92f3cde5d6c811ac230fe42dc7af731f0e31
ip: 71.237.16.242
firstlogin: 1461347441349.000000
lastlogin: 1461347441352.000000
...
