---
password: 8be004425ec3b515daf90850c2eaec0c09630a27
ip: 212.95.7.87
firstlogin: 1462196198025.000000
lastlogin: 1462196198028.000000
...
