---
password: 7fb1de815650287f0094e863f7a7f6140338b996
ip: 49.146.128.209
firstlogin: 1461380110350.000000
lastlogin: 1461380110355.000000
...
