---
password: 41b23553bf78842481a930077be827b80212a6b5
ip: 121.54.58.131
firstlogin: 1461331721308.000000
lastlogin: 1461595861174.000000
...
