---
password: 624c22a8c8f8c93f18fe5ecd4713100c8d754507
ip: 121.54.54.172
firstlogin: 1461286332061.000000
lastlogin: 1461804106465.000000
...
