---
password: 00ea4d821ff3f9816542284294523b7c7445e071
ip: 94.43.82.4
firstlogin: 1461328308946.000000
lastlogin: 1461328308948.000000
...
