---
password: 7b57a751e48617f40cb00eda4a2e61ec97ba4078
ip: 90.214.73.236
firstlogin: 1461350415612.000000
lastlogin: 1461420699840.000000
...
