---
password: 4e55e2cc9c1bf654b21762b991a65a5e5810de34
ip: 37.6.141.172
firstlogin: 1462365662458.000000
lastlogin: 1462365662461.000000
...
