---
password: 18b223fe170200591cfa9de3ec124456bf8e4755
ip: 46.12.180.21
firstlogin: 1462195506954.000000
lastlogin: 1462195506956.000000
...
