---
password: 1c2b0d17c738509518ecc6efa233ee6c10e724f2
ip: 77.99.179.82
firstlogin: 1461366228852.000000
lastlogin: 1461366228855.000000
...
