---
password: 7b1481cf81319760ae3cb3f8ca5b0c425c5aad49
ip: 177.230.106.238
firstlogin: 1461300584429.000000
lastlogin: 1461300584432.000000
...
