---
password: 8f579128c837d8eae5bd1e74f44b5a313cef9cf2
ip: 68.108.176.165
firstlogin: 1462243926007.000000
lastlogin: 1462243926013.000000
...
