---
password: 090b86db1b43ba7ee7ba7735129ad45cac447fcf
ip: 84.140.229.112
firstlogin: 1462121008158.000000
lastlogin: 1462121008161.000000
...
