---
password: 422dc3f6ea55ca27c6a70a79b68c5a48df4ae20d
ip: 180.191.75.124
firstlogin: 1461283487771.000000
lastlogin: 1461283487774.000000
...
