---
password: 8aed1322e5450badb078e1fb60a817a1df25a2ca
ip: 37.212.160.90
firstlogin: 1461440612413.000000
lastlogin: 1461504677129.000000
...
