---
password: 3ba3974e96044dcde818e6310ed799abe10671d4
ip: 71.238.169.223
firstlogin: 1461378931530.000000
lastlogin: 1461378931533.000000
...
