---
password: 1008b66168e5e58bfd240e90768b34f93bc8d7ec
ip: 72.64.185.231
firstlogin: 1462662941343.000000
lastlogin: 1462662941346.000000
...
