---
password: 2606285359704adc2fe251511f5adeb24d53898b
ip: 86.38.108.149
firstlogin: 1461387602999.000000
lastlogin: 1461387603007.000000
...
