---
password: 07b6bfb4f436ec18e93c090e5c81cb71a9c08b60
ip: 84.119.169.206
firstlogin: 1462034216108.000000
lastlogin: 1462034216116.000000
...
