---
password: 706e378702b9d073228ebd4906175304c95ff309
ip: 100.13.80.248
firstlogin: 1461442124742.000000
lastlogin: 1461442124745.000000
...
