---
password: 235f45b1beef0d561ca12931663dd09238daea1c
ip: 210.185.74.49
firstlogin: 1462702263277.000000
lastlogin: 1462702263279.000000
...
