---
password: 24caf6ba794c69c76fd283b31242cb594a1d194e
ip: 69.180.0.246
firstlogin: 1462042284217.000000
lastlogin: 1462042284222.000000
...
