---
password: 624c22a8c8f8c93f18fe5ecd4713100c8d754507
ip: 76.124.0.122
firstlogin: 1461323874684.000000
lastlogin: 1461380052974.000000
...
