---
password: 97b795751cd35233ec0ba1b5ddbba0552c70558d
ip: 86.191.159.14
firstlogin: 1461515187412.000000
lastlogin: 1461515187414.000000
...
