---
password: 8a6dc89cb163b75cf7e8f1c45166573a293d1490
ip: 94.43.194.250
firstlogin: 1461324040605.000000
lastlogin: 1461324040609.000000
...
