---
password: 6687532d3a28eebcb6c7aaf740d569ad18342861
ip: 73.92.95.216
firstlogin: 1461279274820.000000
lastlogin: 1461279358887.000000
...
