---
password: 7671e74c4566a8d3a9f884f54e24a5c049c0ca8c
ip: 79.113.139.64
firstlogin: 1461058145078.000000
lastlogin: 1461563212895.000000
...
