---
password: 1fef83c66ed5135bf5418d273cf8cfa1a6aafe1b
ip: 107.190.159.85
firstlogin: 1462158617594.000000
lastlogin: 1462226930019.000000
...
