---
password: 1573b2c5958bf6e60cd87c8f9ac05cd0dbf174a4
ip: 195.142.231.41
firstlogin: 1461333257686.000000
lastlogin: 1461333257689.000000
...
