---
password: 5baa61e4c9b93f3f0682250b6cf8331b7ee68fd8
ip: 178.61.124.19
firstlogin: 1461265158016.000000
lastlogin: 1461300120424.000000
...
