---
password: 56c50ba454ffb0111b4a0d8b130f0ee27f539df9
ip: 71.231.91.102
firstlogin: 1461280684258.000000
lastlogin: 1461280684260.000000
...
