---
password: 9c4d365df8547b5b471363db7f169c03f5cb4d43
ip: 83.209.128.116
firstlogin: 1462119657850.000000
lastlogin: 1462437235963.000000
...
