---
password: 40bd001563085fc35165329ea1ff5c5ecbdbbeef
ip: 173.175.17.217
firstlogin: 1460830337411.000000
lastlogin: 1462721308178.000000
...
