---
password: 478aa5113f4a0a5dd7e6a19052b166d0358b9580
ip: 87.13.76.35
firstlogin: 1461000326466.000000
lastlogin: 1461324247532.000000
...
