---
password: 5f49ae37bc3834580e1760a3686be4bd5b4aaaf2
ip: 186.26.115.203
firstlogin: 1461294841272.000000
lastlogin: 1461385911145.000000
...
