---
password: 67b77895c55376334f775aa2f6559efe96ada2e6
ip: 122.149.245.55
firstlogin: 1461824336132.000000
lastlogin: 1461824336134.000000
...
