---
password: 62d922bfb080d29c36d940a670c9af78619e9b3b
ip: 72.196.234.106
firstlogin: 1462108642505.000000
lastlogin: 1462108642514.000000
...
