---
password: 9a76d498e713e1f2e02c456ec32610f8ec9c0292
ip: 202.67.35.18
firstlogin: 1461371484155.000000
lastlogin: 1461371484158.000000
...
