---
password: 3083fd1e7fc438e1562614f4bb6e5fb510038293
ip: 50.80.216.205
firstlogin: 1461384462568.000000
lastlogin: 1462081070890.000000
...
