---
password: 59e407fe6f2454a642ced8396a979e4017e84b83
ip: 95.68.79.132
firstlogin: 1461330405737.000000
lastlogin: 1461330405740.000000
...
