---
password: 5f56e74eaca60d5331c0f826051171761875e01c
ip: 109.166.129.29
firstlogin: 1461311948411.000000
lastlogin: 1461311948416.000000
...
