---
password: 8355b80f993743abf33585f41defc7c742a7e735
ip: 201.20.79.83
firstlogin: 1461002004207.000000
lastlogin: 1461003325844.000000
...
