---
password: 71dd07494c5ee54992a27746d547e25dee01bd97
ip: 92.206.210.67
firstlogin: 1461349575047.000000
lastlogin: 1461349575056.000000
...
