---
password: 5043f2b3008479e2582b6576d39701da5911b809
ip: 177.237.158.103
firstlogin: 1461268130151.000000
lastlogin: 1461268130156.000000
...
