---
password: 187e9564e2d3afd7d10d2606a1801ba018d73d47
ip: 108.66.20.7
firstlogin: 1461293352320.000000
lastlogin: 1461378069133.000000
...
