---
password: 9040b798009c20ca8622ea8ff804eb32e47d914c
ip: 71.204.47.143
firstlogin: 1461369644960.000000
lastlogin: 1461427443327.000000
...
