---
password: 41ef42a659c6a222b590fd5086c04838895080d1
ip: 86.174.241.253
firstlogin: 1461086911589.000000
lastlogin: 1461086911593.000000
...
