---
password: 56e43b5178cacaff84abfa187e508dfbed83ce43
ip: 115.134.132.92
firstlogin: 1461376425296.000000
lastlogin: 1461376425299.000000
...
