---
password: 1c2b0d17c738509518ecc6efa233ee6c10e724f2
ip: 97.94.126.182
firstlogin: 1461513026822.000000
lastlogin: 1461513026824.000000
...
