---
password: 1c2b0d17c738509518ecc6efa233ee6c10e724f2
ip: 75.138.220.234
firstlogin: 1462595772274.000000
lastlogin: 1462595772284.000000
...
