---
password: 850d2a9ba1eec82670c5171a261ee0ba096e883c
ip: 24.224.120.228
firstlogin: 1461282136077.000000
lastlogin: 1461282136084.000000
...
