---
password: 45a13e9859bef6794b7bee54c9fc14db2b8d7860
ip: 45.37.169.55
firstlogin: 1461753276698.000000
lastlogin: 1461753276701.000000
...
