---
password: 20f1f571970826d9572a804e0166858e1a2dadea
ip: 177.231.14.234
firstlogin: 1461281588586.000000
lastlogin: 1461281588588.000000
...
