---
password: 680382c4c0b9a4a8cd7ff32499312261109db7f7
ip: 88.66.233.185
firstlogin: 1460908549008.000000
lastlogin: 1461324649469.000000
...
