---
password: 680382c4c0b9a4a8cd7ff32499312261109db7f7
ip: 84.154.157.167
firstlogin: 1461990176015.000000
lastlogin: 1461990176024.000000
...
