---
password: 74aa0bf58230f371efac250366de8d9f6605e0ff
ip: 217.136.207.68
firstlogin: 1462309499621.000000
lastlogin: 1462309499624.000000
...
