---
password: 1c2b0d17c738509518ecc6efa233ee6c10e724f2
ip: 65.32.48.201
firstlogin: 1462045367709.000000
lastlogin: 1462115844899.000000
...
