---
password: 423840bdce98bdae1ee224b130f698cad8a95ef2
ip: 203.114.238.34
firstlogin: 1462319199233.000000
lastlogin: 1462319199244.000000
...
