---
password: 5baa61e4c9b93f3f0682250b6cf8331b7ee68fd8
ip: 121.73.53.186
firstlogin: 1461981998267.000000
lastlogin: 1461982003568.000000
...
