---
password: 4d67750a8f9b83ee82b4f3c28bcd466daafba466
ip: 124.179.38.65
firstlogin: 1461977924828.000000
lastlogin: 1461977990092.000000
...
