---
password: 620aad1aff43b33fb311090aa14fefa87c7d8973
ip: 72.201.34.136
firstlogin: 1461985431641.000000
lastlogin: 1461985431652.000000
...
