---
password: 3961f0af539f6e9a030e317d4c68c73a65e89c33
ip: 24.20.136.32
firstlogin: 1461387530815.000000
lastlogin: 1461387530817.000000
...
