---
password: 7bc7af0efb461ba53fd66d7744053693fce3b269
ip: 73.65.231.42
firstlogin: 1461330041578.000000
lastlogin: 1461330041585.000000
...
