---
password: 4e47e0657171b58813f30295c823da33ee471bf2
ip: 77.39.7.94
firstlogin: 1462206720631.000000
lastlogin: 1462206720633.000000
...
