---
password: 052ca7b367bbe293d52b669cdcafd57386b0afa9
ip: 99.132.226.113
firstlogin: 1461271106090.000000
lastlogin: 1461271106092.000000
...
