---
password: 6b96aa98b674e5e09512fd2593b377d6dc2dfa4d
ip: 27.130.148.245
firstlogin: 1462507116627.000000
lastlogin: 1462507116629.000000
...
