---
password: 5baa61e4c9b93f3f0682250b6cf8331b7ee68fd8
ip: 59.101.5.199
firstlogin: 1461452632056.000000
lastlogin: 1461452632060.000000
...
