---
password: 7fe15370b0af2bc32c1b088d54ee92e47baab053
ip: 24.155.246.205
firstlogin: 1462670875493.000000
lastlogin: 1462670875499.000000
...
