---
password: 7660ba1e1d04b71bc9c6121c44510ba96a7656b6
ip: 180.151.235.23
firstlogin: 1460997944456.000000
lastlogin: 1460997957000.000000
...
