---
password: 7356c5a24e9990b88f82c993bc5879f2b3d3f3fd
ip: 184.2.56.99
firstlogin: 1461370741172.000000
lastlogin: 1461443951982.000000
...
