---
password: 75fbb387660e0a60e805618f868ec66a3e855093
ip: 108.86.214.6
firstlogin: 1461587806732.000000
lastlogin: 1461587806742.000000
...
