---
password: 5fdc67d2166bcdd1d3aa4ed45ea5a25e9b21bc20
ip: 31.27.172.143
firstlogin: 1461512050022.000000
lastlogin: 1461512050024.000000
...
