---
password: 3db26abd8edf86b0f37899d4047cf7efe8c6cc3f
ip: 84.18.119.73
firstlogin: 1461868557882.000000
lastlogin: 1461868557887.000000
...
