---
password: 3d9128fb024eff2a0ea8be2cadcd96522f1af53e
ip: 177.158.160.140
firstlogin: 1461261887094.000000
lastlogin: 1461261887104.000000
...
