---
password: 328c868872ad579bce8ec8e9b5b70be7b2b4b9f7
ip: 147.30.245.229
firstlogin: 1461002243279.000000
lastlogin: 1461002243282.000000
...
