---
password: 8be3c943b1609fffbfc51aad666d0a04adf83c9d
ip: 109.252.85.139
firstlogin: 1461264646454.000000
lastlogin: 1461264646458.000000
...
