---
password: 1c2b0d17c738509518ecc6efa233ee6c10e724f2
ip: 86.136.199.131
firstlogin: 1461081117316.000000
lastlogin: 1461081117319.000000
...
