---
password: 78137c5ebdababbdb372d9e73d4b1a5ad73ab7c9
ip: 187.58.94.25
firstlogin: 1461277875741.000000
lastlogin: 1461277875743.000000
...
