---
password: 1c2b0d17c738509518ecc6efa233ee6c10e724f2
ip: 190.148.78.187
firstlogin: 1460919419117.000000
lastlogin: 1461026091185.000000
...
