---
password: 3cae128bcff288b540a26c86e3f936c2651b44b7
ip: 49.149.161.4
firstlogin: 1461323075801.000000
lastlogin: 1461323075803.000000
...
