---
password: 7769532553e58ff480726fabffe1e20daba6a510
ip: 200.121.208.141
firstlogin: 1460831652505.000000
lastlogin: 1460916745838.000000
...
