---
password: 61aae1fb4af98bbc07374135a3af1f1fcc6cb056
ip: 187.163.154.115
firstlogin: 1461001322382.000000
lastlogin: 1461001322384.000000
...
