---
password: 1c2b0d17c738509518ecc6efa233ee6c10e724f2
ip: 86.122.217.35
firstlogin: 1461607419422.000000
lastlogin: 1461607419424.000000
...
