---
password: 4f269a191cce7f04263d7d50db055c9def2e50a1
ip: 212.252.98.64
firstlogin: 1461345153087.000000
lastlogin: 1461345153089.000000
...
