---
password: 557128e135e5640c63fa28e882fb4a5b604c99bf
ip: 45.20.244.156
firstlogin: 1461360737907.000000
lastlogin: 1461360737909.000000
...
