---
password: 543ed03d98eff9479000b2bdeb1ebb9f6f123f95
ip: 119.94.16.161
firstlogin: 1462515471310.000000
lastlogin: 1462515471313.000000
...
