---
password: 50c4739fb1c1f78aa5413c47948c7099681767f4
ip: 149.140.94.28
firstlogin: 1461428141495.000000
lastlogin: 1461428141501.000000
...
