---
password: 5baa61e4c9b93f3f0682250b6cf8331b7ee68fd8
ip: 37.106.183.140
firstlogin: 1461271876499.000000
lastlogin: 1461271876502.000000
...
