---
password: 823323cc8a56f67e115def8d0708e830a0e10cb0
ip: 46.117.32.145
firstlogin: 1461352092761.000000
lastlogin: 1461352092764.000000
...
