---
password: 1c2b0d17c738509518ecc6efa233ee6c10e724f2
ip: 187.250.156.75
firstlogin: 1461291159550.000000
lastlogin: 1461291159555.000000
...
