---
password: 67d5fc85c98f9c03831382405fe20b36bbc2b554
ip: 31.222.253.229
firstlogin: 1461357915921.000000
lastlogin: 1461357915924.000000
...
