---
password: 216d1c3f16a3fd95e9842b859655c6d6ba26adb0
ip: 112.210.31.166
firstlogin: 1461314169318.000000
lastlogin: 1461314169320.000000
...
