---
password: 30cb5f2e8afebbe05bbba6f70b16cdc9744b0b94
ip: 109.82.63.211
firstlogin: 1461507358151.000000
lastlogin: 1461507358155.000000
...
