---
password: 156d4717f4453345d413207610a8a187a574a721
ip: 61.94.217.198
firstlogin: 1461335056948.000000
lastlogin: 1461335056951.000000
...
