---
password: 786286014f8d64c12a7eb48b820ca9070e1c58f3
ip: 178.121.82.126
firstlogin: 1461335006799.000000
lastlogin: 1461335006802.000000
...
