---
password: 48f1fc682e777dd0d87ab0b835839cb63184f63e
ip: 179.180.176.131
firstlogin: 1461420951683.000000
lastlogin: 1461420951688.000000
...
