---
password: 619995aec8daf287564fd9b2284d206dc4484294
ip: 92.59.163.88
firstlogin: 1461002347903.000000
lastlogin: 1461004755756.000000
...
