---
password: 614e00a6cf5e0a27838ec055ff89e945f681054f
ip: 37.212.189.218
firstlogin: 1461521611946.000000
lastlogin: 1461521611967.000000
...
