---
password: 055c4a2c5a96007a15e66a7cac3f500161244c39
ip: 87.141.81.88
firstlogin: 1461332761410.000000
lastlogin: 1461332762549.000000
...
