---
password: 56a9916bd4b4cc5b6c0d92525cb6388b5b7132a8
ip: 94.233.148.124
firstlogin: 1461314072133.000000
lastlogin: 1461314072136.000000
...
