---
password: 5b3b62e5ea9c3b4522cb035deb366c29cb68c5a6
ip: 119.94.28.104
firstlogin: 1462703841546.000000
lastlogin: 1462703841548.000000
...
