---
password: 293662475dbe4235a50a011325b9e878194dfcca
ip: 5.164.110.47
firstlogin: 1461345951383.000000
lastlogin: 1461345951386.000000
...
