---
password: 9048ead9080d9b27d6b2b6ed363cbf8cce795f7f
ip: 109.162.14.98
firstlogin: 1461000715262.000000
lastlogin: 1461000715265.000000
...
