---
password: 68ea8afd3bdf142b0a3e76b69a75d1db13ddef72
ip: 213.167.15.176
firstlogin: 1461313622696.000000
lastlogin: 1461313622704.000000
...
