---
password: 0ff906a6bc534adcfd1b50fd42423ad6a37e6cc0
ip: 189.31.76.226
firstlogin: 1461370250901.000000
lastlogin: 1461370250913.000000
...
