---
password: 5ff04542276e15c9e941963a7ca2d74b33b25afc
ip: 177.13.100.95
firstlogin: 1461263997772.000000
lastlogin: 1461263997777.000000
...
