---
password: 3a6967eedb5f16b78aca7661e754c94c5e359555
ip: 201.29.32.170
firstlogin: 1461291054697.000000
lastlogin: 1461355071335.000000
...
