---
password: 1c2b0d17c738509518ecc6efa233ee6c10e724f2
ip: 177.183.18.128
firstlogin: 1460915403292.000000
lastlogin: 1460915403294.000000
...
