---
password: 12c3894c1e934658675504b347f8ae4c814f9238
ip: 162.248.44.46
firstlogin: 1460831410995.000000
lastlogin: 1462034763414.000000
...
