---
password: 8915e8f0ace2b0669fb8d7544b30c4cfedd4e39e
ip: 172.10.24.216
firstlogin: 1462238414720.000000
lastlogin: 1462238414731.000000
...
