---
password: 132cc7e9f8c21399f90626bdaf834e4275c45cd4
ip: 89.169.209.37
firstlogin: 1461332278692.000000
lastlogin: 1461998751459.000000
...
