---
password: 83b0965aa8f4c2928617d83c818e764a3bffa69e
ip: 114.108.221.52
firstlogin: 1461421573533.000000
lastlogin: 1461421573544.000000
...
