---
password: 1c2b0d17c738509518ecc6efa233ee6c10e724f2
ip: 24.154.171.18
firstlogin: 1461373463031.000000
lastlogin: 1461373463033.000000
...
