---
password: 4f468a6824d620bf0f58640c0bc423bcb35dc48f
ip: 121.54.54.166
firstlogin: 1461314976082.000000
lastlogin: 1461314976084.000000
...
