---
password: 1c2b0d17c738509518ecc6efa233ee6c10e724f2
ip: 112.208.148.72
firstlogin: 1460979260634.000000
lastlogin: 1461026792239.000000
...
