---
password: 6f58e8edd5a64ec19b01fb39b793ded488aa0496
ip: 82.52.19.8
firstlogin: 1461309929509.000000
lastlogin: 1461309929511.000000
...
