---
password: 4dcc4173d80a2817206e196a38f0dbf7850188ff
ip: 49.150.48.68
firstlogin: 1461328869567.000000
lastlogin: 1461328869570.000000
...
