---
password: 90ffeb4d8eb68bdca8cadf4e59646be3206e767a
ip: 84.151.210.193
firstlogin: 1461350407704.000000
lastlogin: 1461350407706.000000
...
