---
password: 752208fb3b958c5e21d95193615d61813e96e50b
ip: 101.100.135.32
firstlogin: 1461278835522.000000
lastlogin: 1462236805738.000000
...
