---
password: 7d5f7f91579aebb1f9cc44ab8c4c375aa8ec8d76
ip: 5.245.142.41
firstlogin: 1461261380005.000000
lastlogin: 1461261380008.000000
...
