---
password: 45fcb6d38484cd7c4ad361b4e5f2b1357980028b
ip: 99.236.149.41
firstlogin: 1460911150046.000000
lastlogin: 1461014983068.000000
...
