---
password: 8889658b55ddf79946c435a00931f5cecb8860c0
ip: 217.85.218.212
firstlogin: 1461351827922.000000
lastlogin: 1461351827924.000000
...
