---
password: 7f3eb9921b5d8f4fa80bab94403abfba55de6d8d
ip: 62.46.43.203
firstlogin: 1461263413412.000000
lastlogin: 1461263413414.000000
...
