---
password: 5baa61e4c9b93f3f0682250b6cf8331b7ee68fd8
ip: 162.203.212.43
firstlogin: 1461297026874.000000
lastlogin: 1461297119437.000000
...
