---
password: 4444d426502fe6c435debb47a8418be34f20bde1
ip: 178.214.139.8
firstlogin: 1461270780727.000000
lastlogin: 1461270780730.000000
...
