---
password: 675dc611bafb0b7348dd3baf7e005b6916fb954d
ip: 122.53.42.10
firstlogin: 1462198889465.000000
lastlogin: 1462198889467.000000
...
