---
password: 79f051c0df77df59957f7efc1b32e1a962ffdad7
ip: 75.172.181.99
firstlogin: 1461448388868.000000
lastlogin: 1461448388871.000000
...
