---
password: 12e5bb6b7762581a911a65e1d0bbb76622c206a6
ip: 189.107.198.206
firstlogin: 1461980781689.000000
lastlogin: 1461980781691.000000
...
