---
password: 53f25c1ca22b51fb6578ee289699dab9b9a63c5c
ip: 173.80.168.87
firstlogin: 1462666289017.000000
lastlogin: 1462666289019.000000
...
