---
password: 1c2b0d17c738509518ecc6efa233ee6c10e724f2
ip: 66.68.234.123
firstlogin: 1461370680270.000000
lastlogin: 1461381581199.000000
...
