---
password: 1c2b0d17c738509518ecc6efa233ee6c10e724f2
ip: 36.70.227.234
firstlogin: 1460998147576.000000
lastlogin: 1460998147579.000000
...
