---
password: 5d112abaa0174245ffcdc5f1440bf4520ab8f19f
ip: 2.90.236.15
firstlogin: 1461317743547.000000
lastlogin: 1461342831790.000000
...
