---
password: 537d01d6ff6ab4d9b64374d2c5c119bbaa7a252c
ip: 62.201.226.5
firstlogin: 1461320736443.000000
lastlogin: 1461320736446.000000
...
