---
password: 1c2b0d17c738509518ecc6efa233ee6c10e724f2
ip: 216.176.118.175
firstlogin: 1461370944926.000000
lastlogin: 1461370944933.000000
...
