---
password: 17305a2f2aed9d58c73fb12ad27831799de28b90
ip: 172.56.29.103
firstlogin: 1460918730703.000000
lastlogin: 1461437952998.000000
...
