---
password: 2dec610bc019383295c54b3ca49820ffd8c46f97
ip: 104.188.172.55
firstlogin: 1462066206995.000000
lastlogin: 1462066207000.000000
...
