---
password: 1c2b0d17c738509518ecc6efa233ee6c10e724f2
ip: 88.70.255.243
firstlogin: 1461351767148.000000
lastlogin: 1461351767150.000000
...
