---
password: 30c506f10b3c87e288b2f41c89fa10487ce9f135
ip: 109.90.233.27
firstlogin: 1462719636843.000000
lastlogin: 1462719636854.000000
...
