---
password: 93a5c1e9093d853220fe25e7745068cdb8c5d3bb
ip: 137.119.162.134
firstlogin: 1461556638533.000000
lastlogin: 1461556638543.000000
...
