---
password: 38c4332255655fa2cb2329b35248fda0dab5be31
ip: 84.47.55.20
firstlogin: 1461324308890.000000
lastlogin: 1461324308893.000000
...
