---
password: 3b660a83d52c25641f6a00a5bd4bad658a02ff5a
ip: 187.87.204.142
firstlogin: 1461291006189.000000
lastlogin: 1461627440426.000000
...
