---
password: 5baa61e4c9b93f3f0682250b6cf8331b7ee68fd8
ip: 151.237.156.70
firstlogin: 1461373507751.000000
lastlogin: 1461373507754.000000
...
