---
password: 9048ead9080d9b27d6b2b6ed363cbf8cce795f7f
ip: 145.255.3.144
firstlogin: 1461332015132.000000
lastlogin: 1461332015134.000000
...
