---
password: 1c2b0d17c738509518ecc6efa233ee6c10e724f2
ip: 45.16.212.122
firstlogin: 1462039175660.000000
lastlogin: 1462039175663.000000
...
