---
password: 624c22a8c8f8c93f18fe5ecd4713100c8d754507
ip: 79.131.214.215
firstlogin: 1461323989789.000000
lastlogin: 1461323989791.000000
...
