---
password: 5baa61e4c9b93f3f0682250b6cf8331b7ee68fd8
ip: 172.112.159.146
firstlogin: 1462148518501.000000
lastlogin: 1462148518510.000000
...
