---
password: 33d8be28a95e51baafd7b2f39c9977b3228b665e
ip: 84.108.0.133
firstlogin: 1461331622461.000000
lastlogin: 1461331622472.000000
...
