---
password: 8baef0f8697b6d1d98309b4fb1d490df73b98bb0
ip: 73.137.126.86
firstlogin: 1462141604136.000000
lastlogin: 1462141604148.000000
...
