---
password: 77a5f2b820983ce006fa2dd3b282914b23baa6d9
ip: 71.198.105.243
firstlogin: 1460911420418.000000
lastlogin: 1461437341953.000000
...
