---
password: 5e9be221dc6e97e766a10ddedf88f5bb1459a108
ip: 187.15.91.74
firstlogin: 1461290706650.000000
lastlogin: 1461290706660.000000
...
