---
password: 1bf49d638520e8f32a67c6ff8e578f5e60771b91
ip: 213.79.104.84
firstlogin: 1461263567967.000000
lastlogin: 1461263567970.000000
...
