---
password: 17c9c3da3068a82b48d885d6122a30acf12b5f2d
ip: 172.113.45.8
firstlogin: 1462116212889.000000
lastlogin: 1462116212899.000000
...
