---
password: 6754193c3fcdf26f107bde9754d78d39f884e1b2
ip: 75.135.108.123
firstlogin: 1461334829888.000000
lastlogin: 1461334829890.000000
...
