---
password: 77a5f2b820983ce006fa2dd3b282914b23baa6d9
ip: 68.11.193.85
firstlogin: 1461378182450.000000
lastlogin: 1461378182453.000000
...
