---
password: 9ad0e2337a0a64d58d74e93b7c16427510fa6db9
ip: 187.240.98.18
firstlogin: 1462724915526.000000
lastlogin: 1462724915536.000000
...
