---
password: 41f7c30b2345490993bf03e75a7b2fe702333f00
ip: 31.170.242.234
firstlogin: 1460997573785.000000
lastlogin: 1461429569490.000000
...
