---
password: 5f33ff9ffa14ead135befce5e4a827ecf0db299c
ip: 95.68.68.32
firstlogin: 1461352684469.000000
lastlogin: 1461352684472.000000
...
