---
password: 475dbd92769e6d18f6e80cb3d084607a0643f24a
ip: 73.246.83.62
firstlogin: 1461369034719.000000
lastlogin: 1461369034721.000000
...
