---
password: 68b4de415e32b29b12da016f57c570cbb605c57a
ip: 84.86.27.172
firstlogin: 1461776217605.000000
lastlogin: 1461776217608.000000
...
