---
password: 7c4a8d09ca3762af61e59520943dc26494f8941b
ip: 46.185.255.248
firstlogin: 1461324615749.000000
lastlogin: 1461324615751.000000
...
