---
password: 6dc1f2e45341513e563d69a82ccc38344c8b5028
ip: 121.54.54.151
firstlogin: 1461324721105.000000
lastlogin: 1461324721108.000000
...
