---
password: 47abb478da114a42af3aa6dc99e6d5e2cb780e43
ip: 114.170.161.186
firstlogin: 1461438514867.000000
lastlogin: 1461438514871.000000
...
