---
password: 5baa61e4c9b93f3f0682250b6cf8331b7ee68fd8
ip: 91.0.164.85
firstlogin: 1461344543553.000000
lastlogin: 1461344543555.000000
...
