---
password: 4b7e8ffafb3c38c3082ca61106fb4fd1251f0949
ip: 65.190.26.165
firstlogin: 1462035694382.000000
lastlogin: 1462114702053.000000
...
