---
password: 6096d73cc0d3650d80898344a1c4a06e3bcfa547
ip: 83.166.1.106
firstlogin: 1461320630438.000000
lastlogin: 1461320630440.000000
...
