---
password: 7cbb4b27403e3917d7fab138349d24f9e5c7d3a0
ip: 73.159.74.236
firstlogin: 1462228216371.000000
lastlogin: 1462228216381.000000
...
