---
password: 0f99bf96298c60efea37f49e1980d5e703382da2
ip: 72.201.198.194
firstlogin: 1460909489828.000000
lastlogin: 1460909489830.000000
...
