---
password: 16f564bc37ef5f2efcc3983656ac09eaf272d9ea
ip: 182.239.68.120
firstlogin: 1461298108350.000000
lastlogin: 1461379991730.000000
...
