---
password: 08d2aa8e68552d2b71a27254957c0969e7b5363c
ip: 213.226.233.214
firstlogin: 1461338424229.000000
lastlogin: 1461338424231.000000
...
