---
password: 1c2b0d17c738509518ecc6efa233ee6c10e724f2
ip: 78.37.203.127
firstlogin: 1461311980267.000000
lastlogin: 1461311980270.000000
...
