---
password: 80710b4eddc5b8e62120aa407cbb326a8a111277
ip: 73.241.44.241
firstlogin: 1461539460637.000000
lastlogin: 1461539464683.000000
...
