---
password: 902bf82c61070f5c6bc28ffaf686a49a729373f2
ip: 71.235.46.32
firstlogin: 1460929363131.000000
lastlogin: 1460929363134.000000
...
