---
password: 126f1aa98849de1c3b5ecfc746a6d59e315f86f2
ip: 45.17.24.139
firstlogin: 1460918061402.000000
lastlogin: 1462106754278.000000
...
