---
password: 3c3d8ee68f6dace6f7f52664246374e0ec032c6e
ip: 97.93.153.192
firstlogin: 1461296916414.000000
lastlogin: 1461296916416.000000
...
