---
password: 5baa61e4c9b93f3f0682250b6cf8331b7ee68fd8
ip: 70.197.3.214
firstlogin: 1461374138026.000000
lastlogin: 1461374138034.000000
...
