---
password: 1828f72b2bad7e3ece38a8c55b121b66ea999efd
ip: 96.18.211.203
firstlogin: 1461266564734.000000
lastlogin: 1461266564737.000000
...
