---
password: 090ea91fcd14eac8d2aec0bc12480dadbb840864
ip: 97.98.244.68
firstlogin: 1461354999637.000000
lastlogin: 1461354999640.000000
...
