---
password: 867cf2a218348b07c2e900652164ac584aac6b51
ip: 73.187.142.146
firstlogin: 1461284451376.000000
lastlogin: 1462230400135.000000
...
