---
password: 31755220e38f5cfa248c89f1ac7e6fcc2aa15c72
ip: 75.156.38.91
firstlogin: 1461994082083.000000
lastlogin: 1461994082086.000000
...
