---
password: 5a6f472146b873006785f9a288d1f6dc41a1ac60
ip: 212.253.113.95
firstlogin: 1461351851854.000000
lastlogin: 1461351851856.000000
...
