---
password: 6ed52d21d5cc15e76e9879675f4bd0dd51593652
ip: 37.237.138.44
firstlogin: 1461354088491.000000
lastlogin: 1461354088493.000000
...
