---
password: 5baa61e4c9b93f3f0682250b6cf8331b7ee68fd8
ip: 24.142.92.247
firstlogin: 1461512163073.000000
lastlogin: 1461512163076.000000
...
