---
password: 1c2b0d17c738509518ecc6efa233ee6c10e724f2
ip: 187.223.248.9
firstlogin: 1460942454643.000000
lastlogin: 1461014891861.000000
...
