---
password: 6128b8ff607b3593572d84c55b31e75ff4fd4cd2
ip: 24.188.117.151
firstlogin: 1462490775988.000000
lastlogin: 1462490775996.000000
...
