---
password: 7b855341554f7552731c219051915dc3ab9635b0
ip: 73.219.56.179
firstlogin: 1462329513147.000000
lastlogin: 1462632490608.000000
...
