---
password: 7af069b5534eca76b1cfca09c9b45900f060d909
ip: 187.247.247.48
firstlogin: 1461378812035.000000
lastlogin: 1461378812044.000000
...
