---
password: 8a7dd5adefa62b64706e0ecc3c1395e8e7bb1433
ip: 86.175.81.168
firstlogin: 1461514770156.000000
lastlogin: 1461514770160.000000
...
