---
password: 195d04302c0d74388e67afc27dd2fd63a2883b04
ip: 176.33.234.70
firstlogin: 1461327233438.000000
lastlogin: 1461327233448.000000
...
