---
password: 2f065da0bf2cd700ac01c6f028a29b24883b98f6
ip: 80.139.170.71
firstlogin: 1462543568571.000000
lastlogin: 1462543568580.000000
...
