---
password: 4850f1b6b30a7a05aac059d0e4c20b42ed0fb5fa
ip: 223.207.83.175
firstlogin: 1462627081307.000000
lastlogin: 1462627081315.000000
...
