---
password: 018f91029a62831901f5f551133fae3726afcc76
ip: 31.215.57.16
firstlogin: 1462027588102.000000
lastlogin: 1462027588105.000000
...
