---
password: 0c536c4d87b74896ddf22d5bfec8916adbeb1e02
ip: 73.1.98.231
firstlogin: 1461370576023.000000
lastlogin: 1461370576026.000000
...
