---
password: 8256cb494e7b1fc35811f92fe79fb7d43d46bb1f
ip: 23.16.59.8
firstlogin: 1461617917458.000000
lastlogin: 1462031969765.000000
...
