---
password: 2a6af8908db66649e04454e86c2f59256ed361f1
ip: 94.210.14.108
firstlogin: 1461361583793.000000
lastlogin: 1461361583798.000000
...
