---
password: 8a7ca617cea359038ac3673c9a00d7f95776001d
ip: 189.217.60.248
firstlogin: 1460991070105.000000
lastlogin: 1461301595275.000000
...
