---
password: 830d779329943dfa9b6114a07a2440de77342c00
ip: 212.252.80.22
firstlogin: 1461739326207.000000
lastlogin: 1461739326216.000000
...
