---
password: 5ba853870df87d19c2f3a60f86a29febbff3a402
ip: 115.133.253.98
firstlogin: 1461282346953.000000
lastlogin: 1461282346956.000000
...
