---
password: 601f1889667efaebb33b8c12572835da3f027f78
ip: 37.8.74.95
firstlogin: 1461311358100.000000
lastlogin: 1461311358102.000000
...
