---
password: 18354f089ac70332d17af060eb96574233c95355
ip: 78.185.24.57
firstlogin: 1462046176545.000000
lastlogin: 1462046184701.000000
...
