---
password: 7110eda4d09e062aa5e4a390b0a572ac0d2c0220
ip: 189.24.161.252
firstlogin: 1461352783932.000000
lastlogin: 1461352783935.000000
...
