---
password: 5baa61e4c9b93f3f0682250b6cf8331b7ee68fd8
ip: 172.58.16.80
firstlogin: 1461369424852.000000
lastlogin: 1461369424855.000000
...
