---
password: 4a2085762d40b65f78703c96e630bcab8245f245
ip: 73.190.252.203
firstlogin: 1462201393528.000000
lastlogin: 1462201393531.000000
...
