---
password: 1ea243ae5a0ee5ecc6a1b3fec2a703bd8725e349
ip: 73.139.78.125
firstlogin: 1462240987222.000000
lastlogin: 1462240987224.000000
...
