---
password: 5baa61e4c9b93f3f0682250b6cf8331b7ee68fd8
ip: 73.29.16.205
firstlogin: 1461355409179.000000
lastlogin: 1461529134708.000000
...
