---
password: 3eb719645465cf32eed7a1459897a54c7288ca71
ip: 24.20.155.254
firstlogin: 1461108179289.000000
lastlogin: 1461108179298.000000
...
