---
password: 1c2b0d17c738509518ecc6efa233ee6c10e724f2
ip: 98.157.42.125
firstlogin: 1461110387836.000000
lastlogin: 1461110387845.000000
...
