---
password: 99efc50a9206bde3d7a8e694aad8e138ca7dc3f7
ip: 73.155.22.51
firstlogin: 1461510622072.000000
lastlogin: 1461510622075.000000
...
