---
password: 384d742d30baee5a346ef22b111f6590f5b7a673
ip: 185.33.33.75
firstlogin: 1460830174570.000000
lastlogin: 1460830179657.000000
...
