---
password: 7c4a8d09ca3762af61e59520943dc26494f8941b
ip: 95.185.84.88
firstlogin: 1461271219572.000000
lastlogin: 1461331699094.000000
...
