---
password: 3d9128fb024eff2a0ea8be2cadcd96522f1af53e
ip: 187.56.95.213
firstlogin: 1461350581461.000000
lastlogin: 1461350581468.000000
...
