---
password: 3a7076c4c7ded0e7dfd506f9e212621a7857bd87
ip: 96.42.227.56
firstlogin: 1462053927322.000000
lastlogin: 1462053927324.000000
...
