---
password: 1c2b0d17c738509518ecc6efa233ee6c10e724f2
ip: 90.214.172.83
firstlogin: 1462205239035.000000
lastlogin: 1462205239037.000000
...
