---
password: 986fd8321cb5eaae7bc9240d194e78cd167853b4
ip: 24.131.201.136
firstlogin: 1462377282007.000000
lastlogin: 1462377282017.000000
...
