---
password: 677a6e1bd302f24d87c41109a467976456c33b2e
ip: 176.205.93.190
firstlogin: 1461308428661.000000
lastlogin: 1461308428666.000000
...
