---
password: 7c4a8d09ca3762af61e59520943dc26494f8941b
ip: 49.229.76.221
firstlogin: 1461303268776.000000
lastlogin: 1461303268778.000000
...
