---
password: 7c4a8d09ca3762af61e59520943dc26494f8941b
ip: 176.45.252.157
firstlogin: 1461354231551.000000
lastlogin: 1461354231564.000000
...
