---
password: 9c08ca8f66f98803c370728dae2dd51eed82e387
ip: 74.133.176.96
firstlogin: 1461897255461.000000
lastlogin: 1461897255463.000000
...
