---
password: 3b66640e7acb81988561c13210c3e2cda30fb160
ip: 67.243.80.36
firstlogin: 1461096656369.000000
lastlogin: 1462070145396.000000
...
