---
password: 051f3a56ee0ebc529354b797362d1580b1f1eff4
ip: 50.84.55.237
firstlogin: 1461432642709.000000
lastlogin: 1461432642723.000000
...
