---
password: 1c2b0d17c738509518ecc6efa233ee6c10e724f2
ip: 23.120.241.196
firstlogin: 1461366955443.000000
lastlogin: 1461366955446.000000
...
