---
password: 61693e8de31b113d789a340a8792922c3757f0ec
ip: 112.206.101.191
firstlogin: 1462688275963.000000
lastlogin: 1462688275965.000000
...
