---
password: 601f1889667efaebb33b8c12572835da3f027f78
ip: 95.59.111.56
firstlogin: 1461384634583.000000
lastlogin: 1461384634586.000000
...
