---
password: 7110eda4d09e062aa5e4a390b0a572ac0d2c0220
ip: 186.59.188.60
firstlogin: 1461107514004.000000
lastlogin: 1461107514007.000000
...
