---
password: 3c715fc65be87ac494597ef4e1c4ebddecd6165a
ip: 98.115.20.219
firstlogin: 1462326633308.000000
lastlogin: 1462326633315.000000
...
