---
password: 3d4f2bf07dc1be38b20cd6e46949a1071f9d0e3d
ip: 184.180.240.171
firstlogin: 1460943570845.000000
lastlogin: 1461247848282.000000
...
