---
password: 57abeacd44f113a14193022b0cd944cb5024c4b6
ip: 121.54.58.243
firstlogin: 1461323013551.000000
lastlogin: 1461323013554.000000
...
