---
password: 8cb2237d0679ca88db6464eac60da96345513964
ip: 180.191.148.116
firstlogin: 1461320043516.000000
lastlogin: 1461320043527.000000
...
