---
password: 587461cfd4bc979e4c2d326088d2d63341815cee
ip: 80.47.96.147
firstlogin: 1460918315661.000000
lastlogin: 1460918315672.000000
...
