---
password: 20eabe5d64b0e216796e834f52d61fd0b70332fc
ip: 37.238.232.17
firstlogin: 1461354441759.000000
lastlogin: 1461354441762.000000
...
