---
password: 426e2441c09dcd1cb3191adf0190a66a7c2e15e0
ip: 78.73.82.133
firstlogin: 1462696593951.000000
lastlogin: 1462696593953.000000
...
