---
password: 1c2b0d17c738509518ecc6efa233ee6c10e724f2
ip: 68.11.245.226
firstlogin: 1461452060769.000000
lastlogin: 1461452060771.000000
...
