---
password: 1c2b0d17c738509518ecc6efa233ee6c10e724f2
ip: 212.183.124.0
firstlogin: 1461331627933.000000
lastlogin: 1461331627942.000000
...
