---
password: 0f0fcca148764f69cd540caa3957920121acfd0c
ip: 24.218.190.83
firstlogin: 1462033185758.000000
lastlogin: 1462033185761.000000
...
