---
password: 47f294bb30002f5fea7d1c8e1f25d6860c6bf820
ip: 142.161.208.6
firstlogin: 1462206351084.000000
lastlogin: 1462206351087.000000
...
