---
password: 6b275813d2396108129641a3dd30817c38e76e1e
ip: 5.64.152.234
firstlogin: 1461103131200.000000
lastlogin: 1461103159037.000000
...
