---
password: 4c9a82ce72ca2519f38d0af0abbb4cecb9fceca9
ip: 98.206.155.92
firstlogin: 1461382216955.000000
lastlogin: 1461382216959.000000
...
