---
password: 7e3bec0a6b842d896fdc891bfb92d66e228a8fd1
ip: 68.186.124.93
firstlogin: 1461282322071.000000
lastlogin: 1461282322080.000000
...
