---
password: 414b115de9007201a23964373541337434f7a601
ip: 91.227.33.91
firstlogin: 1461310360075.000000
lastlogin: 1461310360091.000000
...
