---
password: 5baa61e4c9b93f3f0682250b6cf8331b7ee68fd8
ip: 37.213.138.88
firstlogin: 1461000894094.000000
lastlogin: 1461000894097.000000
...
