---
password: 0548dd4a7a6a95c7141fe6687919a0d9642b42a9
ip: 47.62.216.64
firstlogin: 1461863879518.000000
lastlogin: 1461863879521.000000
...
