---
password: 53dc32871ebcc2028be74df0a9872c09260a3ddd
ip: 42.60.166.147
firstlogin: 1462499947045.000000
lastlogin: 1462499947048.000000
...
