---
password: 3d9128fb024eff2a0ea8be2cadcd96522f1af53e
ip: 201.6.228.138
firstlogin: 1460999828803.000000
lastlogin: 1460999828805.000000
...
