---
password: 1c2b0d17c738509518ecc6efa233ee6c10e724f2
ip: 173.54.157.169
firstlogin: 1461521586449.000000
lastlogin: 1461521586451.000000
...
