---
password: 94336913b47a8a12d7996a7bddcec4ef065d7765
ip: 179.182.153.74
firstlogin: 1461371619357.000000
lastlogin: 1461371619359.000000
...
