---
password: 329851e14f69cdadec2e591625873b2dd8cabb4d
ip: 24.163.87.116
firstlogin: 1462142776540.000000
lastlogin: 1462142776548.000000
...
