---
password: 2a1575ac67225f49fd5b2dc6c03510c35acbbf77
ip: 98.148.240.239
firstlogin: 1461371809514.000000
lastlogin: 1461371815484.000000
...
