---
password: 5baa61e4c9b93f3f0682250b6cf8331b7ee68fd8
ip: 74.78.244.146
firstlogin: 1461784644418.000000
lastlogin: 1461784644420.000000
...
