---
password: 0794a5c7e497910d682bf2c54c66cc30760c0221
ip: 65.48.155.232
firstlogin: 1461333253488.000000
lastlogin: 1461333253491.000000
...
