---
password: 308afcac4d93e3f588d7591902ec6b89712e62aa
ip: 66.128.245.60
firstlogin: 1462244910577.000000
lastlogin: 1462244910587.000000
...
