---
password: 5baa61e4c9b93f3f0682250b6cf8331b7ee68fd8
ip: 82.79.9.69
firstlogin: 1461348780481.000000
lastlogin: 1461348780490.000000
...
