---
password: 2d7a34c9ef8efa2cfdf4b89175f7edec1cd0ddda
ip: 142.134.199.230
firstlogin: 1461618761407.000000
lastlogin: 1461618761412.000000
...
