---
password: 1ac9fdfa53079585fe7cfc486f2bd2b933932b3f
ip: 112.198.103.142
firstlogin: 1462600517188.000000
lastlogin: 1462600517197.000000
...
