---
password: 7340e4914e42722851f1c85e5313f9fb82d17820
ip: 50.140.52.248
firstlogin: 1461283175204.000000
lastlogin: 1462322162215.000000
...
