---
password: 4ae404bac61b9103a4f055c04aeeabf9d8e4171a
ip: 73.235.16.154
firstlogin: 1461528899823.000000
lastlogin: 1461528899843.000000
...
