---
password: 62e503fbfcbcfb130a1b56ff06889091da612b4a
ip: 180.190.89.122
firstlogin: 1462710367319.000000
lastlogin: 1462710367322.000000
...
