---
password: 99eaf902524a8ec396b8926d7c11106181083dac
ip: 107.216.211.90
firstlogin: 1460912984883.000000
lastlogin: 1460912984892.000000
...
