---
password: 893a6a6789d8aef157ac0615ac3855587daaac07
ip: 98.244.8.181
firstlogin: 1461366668998.000000
lastlogin: 1461366669006.000000
...
