---
password: 0da6f1059cae3614aafeeadfbb323d18da54633a
ip: 49.145.187.199
firstlogin: 1462706804053.000000
lastlogin: 1462706804055.000000
...
