---
password: 4ac8c86b394a770cf3e12bb3ed55c26b60ca2c6d
ip: 42.113.166.182
firstlogin: 1461287669335.000000
lastlogin: 1461287669337.000000
...
