---
password: 5baa61e4c9b93f3f0682250b6cf8331b7ee68fd8
ip: 66.87.120.42
firstlogin: 1461366277598.000000
lastlogin: 1461366277600.000000
...
