---
password: 95d26011d027cc191cca9645c04cdb9028049591
ip: 46.45.2.17
firstlogin: 1461382740584.000000
lastlogin: 1461382740587.000000
...
