---
password: 0d6531dc1a9864639842fe2748b037e92f270aaf
ip: 65.175.166.88
firstlogin: 1462139869808.000000
lastlogin: 1462139869812.000000
...
