---
password: 6900921241dba853f629e499e45bd659e3f3f8af
ip: 73.89.188.110
firstlogin: 1461051635682.000000
lastlogin: 1461051635684.000000
...
