---
password: 0b4cd65626e5e14d65b39bd6208331cb5c45e75b
ip: 113.210.50.128
firstlogin: 1461585261934.000000
lastlogin: 1461585261946.000000
...
