---
password: 94e22622f393d95a859122e230b1c074a05ce32b
ip: 192.110.219.18
firstlogin: 1461627740681.000000
lastlogin: 1461627740687.000000
...
