---
password: 3273759a0070e63325d6b1bb6ad49abc4dd22b7d
ip: 24.146.23.207
firstlogin: 1462491641653.000000
lastlogin: 1462491641662.000000
...
