---
password: 5ddae5f706b9582ab4fec7ac568df5e194d25978
ip: 112.201.6.187
firstlogin: 1462334538474.000000
lastlogin: 1462334538477.000000
...
