---
password: 8cb2237d0679ca88db6464eac60da96345513964
ip: 76.11.71.237
firstlogin: 1462108433329.000000
lastlogin: 1462633802219.000000
...
