---
password: 94e22622f393d95a859122e230b1c074a05ce32b
ip: 192.110.218.42
firstlogin: 1461280611706.000000
lastlogin: 1461280630590.000000
...
