---
password: 5ddae5f706b9582ab4fec7ac568df5e194d25978
ip: 112.201.3.190
firstlogin: 1461284056680.000000
lastlogin: 1461284056684.000000
...
