---
password: 01c4e61a2e88be5e43d74117d1619ff5002ccfe6
ip: 97.118.254.28
firstlogin: 1462113159388.000000
lastlogin: 1462633909247.000000
...
