---
password: 0d5da77d28bc21f980727cbe6770e0a1050e9e4f
ip: 72.209.57.195
firstlogin: 1461421115955.000000
lastlogin: 1461421115958.000000
...
