---
password: 1fd5bb4aabd36180c1634344eca9db2da82807f8
ip: 69.143.113.32
firstlogin: 1462648414316.000000
lastlogin: 1462648414321.000000
...
