---
password: 08fae70638bde73977355b82a8b2e7081b0d1b68
ip: 189.213.82.196
firstlogin: 1461025053052.000000
lastlogin: 1461103251619.000000
...
