---
password: 35199bb937dc6abda8b260334294419353724ea6
ip: 181.49.71.213
firstlogin: 1461370201584.000000
lastlogin: 1461370201587.000000
...
