---
password: 792ab9c68d6564f7c6a0444d5a5b670216b3809f
ip: 180.190.100.140
firstlogin: 1461625096661.000000
lastlogin: 1461625096670.000000
...
