---
password: 527097cd1b73c7b8e46c9a47d16870558cce3ed1
ip: 69.170.106.113
firstlogin: 1461421732199.000000
lastlogin: 1461421732206.000000
...
