---
password: 87ebf471df74c01ff78d3224329bfd4f3040ba6c
ip: 82.1.152.74
firstlogin: 1460999173536.000000
lastlogin: 1460999173538.000000
...
