---
password: 5bfd08bdac5988b8c1d14a86bf8ab736db159e9f
ip: 69.204.217.95
firstlogin: 1461355128403.000000
lastlogin: 1461355128414.000000
...
