---
password: 9ef3584a4c329db98810c7c8fdf6dd8fab524586
ip: 50.154.195.137
firstlogin: 1462641171834.000000
lastlogin: 1462641171836.000000
...
