---
password: 7c222fb2927d828af22f592134e8932480637c0d
ip: 49.229.118.195
firstlogin: 1462260350255.000000
lastlogin: 1462333870897.000000
...
