---
password: 384677020ca012873f39c35c76dd1bf1a19ec000
ip: 108.34.24.26
firstlogin: 1462153778420.000000
lastlogin: 1462153778423.000000
...
