---
password: 6df70521dcff4b5b6344f076ac38ed1f20de7b2c
ip: 75.128.75.3
firstlogin: 1462649322248.000000
lastlogin: 1462649322259.000000
...
