---
password: 2eb0d1a3c35cdfb2218fd9b341ef10b282428870
ip: 166.170.22.172
firstlogin: 1460920267059.000000
lastlogin: 1461353672448.000000
...
