---
password: 8cb2237d0679ca88db6464eac60da96345513964
ip: 37.151.83.232
firstlogin: 1461845235903.000000
lastlogin: 1461845235906.000000
...
