---
password: 7110eda4d09e062aa5e4a390b0a572ac0d2c0220
ip: 2.133.81.37
firstlogin: 1461295900157.000000
lastlogin: 1461295900161.000000
...
