---
password: 61ebf6bc14ce01e4cc9d59ee9f469c902ea13918
ip: 95.91.224.3
firstlogin: 1461272217589.000000
lastlogin: 1461337105513.000000
...
