---
password: 0febc363b65ed2b785d8caeb51826819a0cebecf
ip: 77.102.30.128
firstlogin: 1462107456254.000000
lastlogin: 1462107456256.000000
...
