---
password: 2536c42af583f64a19ab9e477cb74548d89f9348
ip: 116.14.188.146
firstlogin: 1461313587302.000000
lastlogin: 1461383266178.000000
...
