---
password: 734f74980daa05cb3138f24cfb3c3736c3c1bb96
ip: 207.141.194.210
firstlogin: 1461268907660.000000
lastlogin: 1461268907663.000000
...
