---
password: 62749b4a5971e245ea6ff2249a155e6462675d4f
ip: 172.56.12.171
firstlogin: 1461294740079.000000
lastlogin: 1461294740088.000000
...
