---
password: 20eabe5d64b0e216796e834f52d61fd0b70332fc
ip: 209.141.178.86
firstlogin: 1462647070125.000000
lastlogin: 1462647070130.000000
...
