---
password: 102f699799b75d47020d8eb15ff6d12fd2ce881c
ip: 203.106.148.206
firstlogin: 1461295709141.000000
lastlogin: 1461295709143.000000
...
