---
password: 163c17205e9c863132624461dc93a1da71c2f8c4
ip: 72.16.61.107
firstlogin: 1462335822118.000000
lastlogin: 1462335822127.000000
...
