---
password: 20eabe5d64b0e216796e834f52d61fd0b70332fc
ip: 109.145.253.73
firstlogin: 1461346646458.000000
lastlogin: 1461346646461.000000
...
