---
password: 7cdb9aa0f32f7a30fb9e35578aff5c7297e84bc8
ip: 107.206.34.249
firstlogin: 1461290092484.000000
lastlogin: 1461290092487.000000
...
