---
password: 9c573067886c7f09dba19a953da0f50e314c5dcd
ip: 119.95.106.82
firstlogin: 1462599574763.000000
lastlogin: 1462599574769.000000
...
