---
password: 55ce70ceef7dbbdc98a044ad5ffcaf3f9db3ccf6
ip: 94.240.201.145
firstlogin: 1462721016735.000000
lastlogin: 1462721016743.000000
...
