---
password: 388023d69e59a81c07d0c0c298915f1a596ee332
ip: 73.51.0.176
firstlogin: 1461513044463.000000
lastlogin: 1462052672998.000000
...
