---
password: 4dcc4173d80a2817206e196a38f0dbf7850188ff
ip: 94.204.41.124
firstlogin: 1461304012401.000000
lastlogin: 1461304012403.000000
...
