---
password: 250e77f12a5ab6972a0895d290c4792f0a326ea8
ip: 192.83.135.219
firstlogin: 1461372282813.000000
lastlogin: 1461372282822.000000
...
