---
password: 976a048df67d4b2dea07bea40c80bb720d7c91d7
ip: 186.170.113.225
firstlogin: 1462241327140.000000
lastlogin: 1462241332051.000000
...
