---
password: 1c2b0d17c738509518ecc6efa233ee6c10e724f2
ip: 77.182.134.241
firstlogin: 1461342740440.000000
lastlogin: 1461342740445.000000
...
