---
password: 7c93b660ff24fd226d522d1d4dac395ab9d9def4
ip: 201.76.117.43
firstlogin: 1462662532302.000000
lastlogin: 1462662532311.000000
...
