---
password: 1c2b0d17c738509518ecc6efa233ee6c10e724f2
ip: 222.153.11.217
firstlogin: 1461280116996.000000
lastlogin: 1461446097544.000000
...
