---
password: 70347764eb0bbbb0f6c491e471e654b1bc972f4c
ip: 73.85.68.212
firstlogin: 1461298786159.000000
lastlogin: 1461298786161.000000
...
