---
password: 1c2b0d17c738509518ecc6efa233ee6c10e724f2
ip: 62.195.203.26
firstlogin: 1461912007891.000000
lastlogin: 1461912007893.000000
...
