---
password: 1d2b4f4436c5afb268854b3a3857feedc0a23607
ip: 115.77.215.35
firstlogin: 1461374843819.000000
lastlogin: 1461985952592.000000
...
