---
password: 87b749332d0b000698537ff4fb124b4526016f79
ip: 95.96.171.162
firstlogin: 1461335634855.000000
lastlogin: 1461335634857.000000
...
