---
password: 02e0a999c50b1f88df7a8f5a04e1b76b35ea6a88
ip: 184.64.111.172
firstlogin: 1461283564909.000000
lastlogin: 1461548402941.000000
...
