---
password: 510eb517ada38a96af9c8039d903fa7ef5f5fa03
ip: 99.241.238.88
firstlogin: 1460939843408.000000
lastlogin: 1460939987829.000000
...
