---
password: 9f1797d1ef934e28167404652e4eeaaef17ee93d
ip: 213.162.68.111
firstlogin: 1460998669192.000000
lastlogin: 1460998669195.000000
...
