---
password: 5cd7513fef9856544499d1ed02faed6bbc0de8ba
ip: 67.191.73.198
firstlogin: 1461269309360.000000
lastlogin: 1461269309366.000000
...
