---
password: 62fa4e4087c9814f72fe0e23f781a7ffc0d90482
ip: 162.202.53.196
firstlogin: 1462589296068.000000
lastlogin: 1462589296070.000000
...
