---
password: 1c2b0d17c738509518ecc6efa233ee6c10e724f2
ip: 96.83.77.142
firstlogin: 1461261740355.000000
lastlogin: 1461370034304.000000
...
