---
password: 83969af26f7002f833143c5c2c34f176cf8b7118
ip: 5.86.119.220
firstlogin: 1461270221461.000000
lastlogin: 1461270221465.000000
...
