---
password: 1c2b0d17c738509518ecc6efa233ee6c10e724f2
ip: 64.150.244.27
firstlogin: 1462578189367.000000
lastlogin: 1462578189375.000000
...
