---
password: 01363c7fbc9b21d362aa49a23802f82b6c7ad889
ip: 124.169.183.172
firstlogin: 1461316610239.000000
lastlogin: 1461316610241.000000
...
