---
password: 1f42de606cd5f8a9369df014d78c8e7a00c2eb31
ip: 180.191.72.181
firstlogin: 1461001856204.000000
lastlogin: 1461067973702.000000
...
