---
password: 1f3a364f14862bc07b4e3126b9033cc0a88b156d
ip: 162.40.58.117
firstlogin: 1462625645452.000000
lastlogin: 1462625645455.000000
...
