---
password: 40840b7e42b6a47cea8790028bde3f4c2d35c2a8
ip: 27.104.220.85
firstlogin: 1461311348518.000000
lastlogin: 1461311348520.000000
...
