---
password: 218ff814309efbe000f62c77b3235d9a14ef97a5
ip: 45.48.123.201
firstlogin: 1462148713898.000000
lastlogin: 1462148713907.000000
...
