---
password: 0dcdfee496ac0356f685b3daed833d8ffb346166
ip: 99.235.167.144
firstlogin: 1461372161169.000000
lastlogin: 1461798443253.000000
...
