---
password: 82ff6d4a291af7e5dedd7b2f04b29b09375ce0dc
ip: 95.188.207.232
firstlogin: 1461314321204.000000
lastlogin: 1461314321206.000000
...
