---
password: 9fed3a6d2f3211708e67b81f44901933cfe61e34
ip: 187.109.232.50
firstlogin: 1462720899796.000000
lastlogin: 1462720899802.000000
...
