---
password: 3e09ac6191cceb713518b0b2b578f2f1f06373ea
ip: 82.153.118.0
firstlogin: 1461313235407.000000
lastlogin: 1461313235409.000000
...
