---
password: 9a6f2b91c5432fca784a4d93ef19131e549c1539
ip: 208.168.232.209
firstlogin: 1461443325180.000000
lastlogin: 1461443325183.000000
...
