---
password: 912a9199af6f2cf4838b08205fc1514dc2206c15
ip: 95.146.251.183
firstlogin: 1462203298546.000000
lastlogin: 1462203298548.000000
...
