---
password: 490b22957710fb9c8d0b1fc134fc50d84cac41cc
ip: 200.220.199.101
firstlogin: 1461264298327.000000
lastlogin: 1461264298329.000000
...
