---
password: 3d9128fb024eff2a0ea8be2cadcd96522f1af53e
ip: 37.189.142.139
firstlogin: 1461280349697.000000
lastlogin: 1461356002205.000000
...
