---
password: 40f8c7e0a194272ae6784177903bfc13a748b8e3
ip: 186.225.252.226
firstlogin: 1462119038125.000000
lastlogin: 1462119038128.000000
...
