---
password: 528f6247a47ac65758a1d276d781466a45e324ec
ip: 189.48.175.117
firstlogin: 1461381525019.000000
lastlogin: 1461381525028.000000
...
