---
password: 5baa61e4c9b93f3f0682250b6cf8331b7ee68fd8
ip: 24.129.6.240
firstlogin: 1461277104923.000000
lastlogin: 1461277104925.000000
...
