---
password: 1db828bcd41de75377dce59825af73ae7fca5651
ip: 217.229.54.170
firstlogin: 1461007134654.000000
lastlogin: 1461007134657.000000
...
