---
password: 2729a8968aa040b35638370cc4b83896e4d95f85
ip: 72.84.182.52
firstlogin: 1461454385623.000000
lastlogin: 1461454385651.000000
...
