---
password: 72bd29b08e26eba8a0e191a0109fc424d4b11d9d
ip: 216.218.111.61
firstlogin: 1462581398750.000000
lastlogin: 1462581398758.000000
...
