---
password: 30cb5f2e8afebbe05bbba6f70b16cdc9744b0b94
ip: 212.252.56.20
firstlogin: 1462001653860.000000
lastlogin: 1462001653862.000000
...
