---
password: 0fd4467cbbd6a1505ddc0a70da04748a0f937e47
ip: 121.54.32.151
firstlogin: 1461320483703.000000
lastlogin: 1461387239747.000000
...
