---
password: 21770aa0b1de067b1df107a021e7a6907ef0a8a7
ip: 151.54.86.30
firstlogin: 1461770176934.000000
lastlogin: 1461770176937.000000
...
