---
password: 02b4b9121d79c074d83093f4b8a71370d7155d92
ip: 78.106.123.225
firstlogin: 1461362261537.000000
lastlogin: 1461362261540.000000
...
