---
password: 2e1f4701fa5227d83c24b746e31b203315f26609
ip: 98.210.170.147
firstlogin: 1461965483281.000000
lastlogin: 1461965483283.000000
...
