---
password: 7344e185579aa70ac80046480e4b3549de0d063d
ip: 121.121.120.221
firstlogin: 1461336498351.000000
lastlogin: 1461336498360.000000
...
