---
password: 0fa60d381f2768153b9870db4175d585a83f7310
ip: 191.250.226.217
firstlogin: 1461354717108.000000
lastlogin: 1461354717113.000000
...
