---
password: 1c2b0d17c738509518ecc6efa233ee6c10e724f2
ip: 70.138.224.206
firstlogin: 1461373069096.000000
lastlogin: 1461373069100.000000
...
