---
password: 0280e13ac8473789c157c18453b976931c895086
ip: 177.0.185.54
firstlogin: 1461280368696.000000
lastlogin: 1461280368701.000000
...
