---
password: 2d13d5e3a7266a1976dde11441b67060be074596
ip: 203.40.158.110
firstlogin: 1461371209177.000000
lastlogin: 1461371209179.000000
...
