---
password: 88a3f5c778683ef32be267c5f47e89172de917d6
ip: 187.182.140.54
firstlogin: 1461353532927.000000
lastlogin: 1461353532930.000000
...
