---
password: 689e52bb2b5c836d3242bf7e75a7e24eb55de788
ip: 186.216.205.36
firstlogin: 1461373085228.000000
lastlogin: 1461373085234.000000
...
