---
password: 8652832902f258d3733dcf49da1c48bcd5a99357
ip: 90.192.93.24
firstlogin: 1461010033776.000000
lastlogin: 1461010033786.000000
...
