---
password: 8b613a5edbdc4e3b62a9bc7e219e9688af91fc49
ip: 181.161.2.6
firstlogin: 1461365449870.000000
lastlogin: 1461365449873.000000
...
