---
password: 87c4183f24a034c36d1f06bbf9bb291640e6a764
ip: 190.206.76.57
firstlogin: 1462158907412.000000
lastlogin: 1462158907415.000000
...
