---
password: 1c2b0d17c738509518ecc6efa233ee6c10e724f2
ip: 184.1.19.190
firstlogin: 1461434271402.000000
lastlogin: 1461514630458.000000
...
