---
password: 83bc97e0a1d50fffa68c19c85fc28a22a42d3e57
ip: 50.51.206.174
firstlogin: 1461426886883.000000
lastlogin: 1461517669434.000000
...
