---
password: 8cb2237d0679ca88db6464eac60da96345513964
ip: 72.191.153.118
firstlogin: 1462597407485.000000
lastlogin: 1462597407487.000000
...
