---
password: 072e8e02d14ae77fe294e4c7201e7fa1fe2cc65b
ip: 68.80.144.240
firstlogin: 1461284558929.000000
lastlogin: 1461284558932.000000
...
