---
password: 17036da4c46d7de7a9e5c278131a062f64c8fb6c
ip: 162.237.226.217
firstlogin: 1462336106067.000000
lastlogin: 1462336106070.000000
...
