---
password: 4e269a0495a714e1d730e94a4306bb56e2026190
ip: 98.183.61.108
firstlogin: 1461333934608.000000
lastlogin: 1461333934610.000000
...
