---
password: 52c88b165a3a614a5e3ceac0074bad92d5bb1c0a
ip: 143.208.245.142
firstlogin: 1461537936333.000000
lastlogin: 1461537936337.000000
...
