---
password: 9035330479d8581c66fd07b1fed211aeb415cc20
ip: 107.185.241.208
firstlogin: 1461362904826.000000
lastlogin: 1461362904830.000000
...
