---
password: 39dfa55283318d31afe5a3ff4a0e3253e2045e43
ip: 151.32.213.45
firstlogin: 1461502886042.000000
lastlogin: 1461502886044.000000
...
