---
password: 512215ad421c32eaee4f6009f16732aaacba87de
ip: 96.3.31.156
firstlogin: 1462043849071.000000
lastlogin: 1462043849076.000000
...
