---
password: 4603eaeefaae71714a126398129baa6fed6e2772
ip: 121.54.44.139
firstlogin: 1461344902421.000000
lastlogin: 1461344902423.000000
...
