---
password: 323e05b1bd267684ef53bb19d6cf9c8250346396
ip: 190.253.145.2
firstlogin: 1461289396716.000000
lastlogin: 1461289396719.000000
...
