---
password: 81cb74094befec5587b544d253b4f3caafc1e13f
ip: 104.190.173.81
firstlogin: 1461365863214.000000
lastlogin: 1461459254813.000000
...
