---
password: 562b7c85c15c36ecc5476e9286dc5b46651c0067
ip: 201.53.213.184
firstlogin: 1461321349192.000000
lastlogin: 1461321349194.000000
...
