---
password: 7a2c83914da830154ebd857fbbd898cddce2de9c
ip: 5.8.206.7
firstlogin: 1461291443153.000000
lastlogin: 1461291443155.000000
...
