---
password: 8e369832290c20deb79660421bf62b4bd35b624d
ip: 187.139.48.245
firstlogin: 1461380680551.000000
lastlogin: 1461380680560.000000
...
