---
password: 03ad6494e97a6d67d4a0440a37fef48df5e4131a
ip: 187.132.67.121
firstlogin: 1460943628955.000000
lastlogin: 1460943628957.000000
...
