---
password: 6fa64b2fa48a4b719cbd3538546d4c5b5ea46e4d
ip: 24.46.81.14
firstlogin: 1462232391087.000000
lastlogin: 1462232391092.000000
...
