---
password: 47e1b52db2511f872eae7fb1a6c47fab40a82a52
ip: 99.58.65.56
firstlogin: 1462240384069.000000
lastlogin: 1462240384078.000000
...
