---
password: 52ac7da471f70c4f60291fb36d9967fbf4a2abe3
ip: 96.233.131.142
firstlogin: 1461287084240.000000
lastlogin: 1461287084242.000000
...
