---
password: 08576cd21820e0ce605fd4f119c2c32840211d72
ip: 121.54.32.98
firstlogin: 1461317223827.000000
lastlogin: 1461384444044.000000
...
