---
password: 0ce7911e6479995d6c346d6f03eb723b5135309e
ip: 180.191.149.87
firstlogin: 1462242360050.000000
lastlogin: 1462242360053.000000
...
