---
password: 66bffb88b1269398aecf84162d80982ab0be5d0c
ip: 173.25.221.160
firstlogin: 1461353456508.000000
lastlogin: 1461353456511.000000
...
