---
password: 1710570f5e946501dada0b0f32072785dc3369b5
ip: 82.168.96.152
firstlogin: 1461419975009.000000
lastlogin: 1461419975019.000000
...
