---
password: 7b439ef2a16bce967111dd505ee7896056ba1b2c
ip: 72.50.58.230
firstlogin: 1462065431452.000000
lastlogin: 1462111989582.000000
...
