---
password: 0ce7911e6479995d6c346d6f03eb723b5135309e
ip: 172.112.143.46
firstlogin: 1461351307280.000000
lastlogin: 1461351307284.000000
...
