---
password: 4e84d0f6e916d4ed0c8f428a6073c61365c9d790
ip: 109.92.189.125
firstlogin: 1461761554033.000000
lastlogin: 1461761554036.000000
...
