---
password: 75daf0c7b33f14369d8756a4228a15748cf3bce6
ip: 118.137.57.40
firstlogin: 1461324328628.000000
lastlogin: 1461324329566.000000
...
