---
password: 6551617436f462208d5b48e06e32f93dd73375f0
ip: 86.0.187.150
firstlogin: 1461514543263.000000
lastlogin: 1461514543265.000000
...
