---
password: 5c6d9edc3a951cda763f650235cfc41a3fc23fe8
ip: 90.198.34.6
firstlogin: 1461321355740.000000
lastlogin: 1461321355743.000000
...
