---
password: 7c4a8d09ca3762af61e59520943dc26494f8941b
ip: 93.168.48.40
firstlogin: 1461331928101.000000
lastlogin: 1461331928104.000000
...
