---
password: 7c4a8d09ca3762af61e59520943dc26494f8941b
ip: 207.6.119.35
firstlogin: 1462499701434.000000
lastlogin: 1462499701444.000000
...
