---
password: 1c2b0d17c738509518ecc6efa233ee6c10e724f2
ip: 24.118.29.143
firstlogin: 1462035311334.000000
lastlogin: 1462233570945.000000
...
