---
password: 5f44e9580c3fd594266afa3671f55969908c0190
ip: 217.252.40.134
firstlogin: 1461327794878.000000
lastlogin: 1461327794880.000000
...
