---
password: 5f44e9580c3fd594266afa3671f55969908c0190
ip: 217.252.48.130
firstlogin: 1460999855770.000000
lastlogin: 1461167747223.000000
...
