---
password: 81ad1df014ca3f4bd91368c4e2ffb85d24ccbafe
ip: 112.198.82.169
firstlogin: 1461267564695.000000
lastlogin: 1461267564698.000000
...
