---
password: 4f8506d183c8c60670a6e37af289bc2a01f56773
ip: 131.255.99.86
firstlogin: 1461361550400.000000
lastlogin: 1461361550405.000000
...
