---
password: 200fdd999404bf860db15f7df9e514bcdff6c138
ip: 173.217.139.194
firstlogin: 1461275523518.000000
lastlogin: 1461554936853.000000
...
