---
password: 146969b9c405fc1f69d488a272eb7520eb580ac4
ip: 201.93.71.197
firstlogin: 1460910256253.000000
lastlogin: 1460916953603.000000
...
