---
password: 4b0ba1d6c79efac5623ccd77107622721a6766e3
ip: 107.218.207.247
firstlogin: 1462153537435.000000
lastlogin: 1462153537438.000000
...
