---
password: 2f40c3030e9d0646d146c5553639673c44e6da4d
ip: 108.9.152.226
firstlogin: 1460914474438.000000
lastlogin: 1460914474441.000000
...
