---
password: 00d07ff28b3b157a6df109ce5683867aa1082ff0
ip: 94.224.78.204
firstlogin: 1461428256694.000000
lastlogin: 1461428256697.000000
...
