---
password: 103320b44614f151a5a6d6c6ab1e077ee7451c5d
ip: 114.79.28.56
firstlogin: 1461739153465.000000
lastlogin: 1461739153467.000000
...
