---
password: 8b607da0383b65a60de0f857e6c5a75719c90f62
ip: 121.55.229.117
firstlogin: 1462682978144.000000
lastlogin: 1462682978147.000000
...
