---
password: 033d472bd23d85e161331ab92b4114ff487a40b5
ip: 5.13.5.131
firstlogin: 1461911139629.000000
lastlogin: 1461911139631.000000
...
