---
password: 1dee24fbd38dca3d95b98662ea97a2105ad14b3e
ip: 27.145.136.244
firstlogin: 1461292207649.000000
lastlogin: 1461292207663.000000
...
