---
password: 3daa07a7b240aa48191aa66d1a025fc5840d7bea
ip: 125.25.38.221
firstlogin: 1461300201081.000000
lastlogin: 1461300201090.000000
...
