---
password: 85d2738e49f1e5f520d423cc8cb1c027fede4cb0
ip: 108.28.186.221
firstlogin: 1460999729845.000000
lastlogin: 1461100012152.000000
...
