---
password: 6ffb7a4ea3d500797d7d437e8ea95f864c2d6887
ip: 91.66.195.38
firstlogin: 1462109892009.000000
lastlogin: 1462109892012.000000
...
