---
password: 28b2924b8427f994baec29f4dfe711bd93baf419
ip: 94.14.173.120
firstlogin: 1462649746702.000000
lastlogin: 1462649746707.000000
...
