---
password: 5baa61e4c9b93f3f0682250b6cf8331b7ee68fd8
ip: 213.162.68.1
firstlogin: 1460920455617.000000
lastlogin: 1460920455620.000000
...
