---
password: 240013fd4576e917b305c38c651faccefcee32a9
ip: 67.243.177.31
firstlogin: 1461785762584.000000
lastlogin: 1461785762586.000000
...
