---
password: 9b8bcaa6690749b343ac7f30c0f3f930fa0b4f58
ip: 187.65.17.140
firstlogin: 1461375907422.000000
lastlogin: 1461375907427.000000
...
