---
password: 79d31f3c3179cbb1afeaf86df0bc926f4868b803
ip: 95.8.89.183
firstlogin: 1461265402720.000000
lastlogin: 1461265402722.000000
...
