---
password: 1c2b0d17c738509518ecc6efa233ee6c10e724f2
ip: 88.113.163.16
firstlogin: 1461330741012.000000
lastlogin: 1461330741023.000000
...
