---
password: 4b48a03163b31231f611ec6551df3e24f4785492
ip: 71.180.13.104
firstlogin: 1462118250030.000000
lastlogin: 1462118250032.000000
...
