---
password: 3b992cc1e7bc6910545e4eab21d05d8cd8b94d37
ip: 72.182.145.241
firstlogin: 1460925943211.000000
lastlogin: 1460925943214.000000
...
