---
password: 7c4a8d09ca3762af61e59520943dc26494f8941b
ip: 188.168.206.3
firstlogin: 1461379470871.000000
lastlogin: 1461737701383.000000
...
