---
password: 3ca520b96538efa55d55407b75a797484f117fbe
ip: 94.6.217.227
firstlogin: 1461266488683.000000
lastlogin: 1461266488686.000000
...
