---
password: 8a7bf1a471dd85da1921a26a55b19cdcb9604bb5
ip: 66.128.241.131
firstlogin: 1461361132606.000000
lastlogin: 1461361132609.000000
...
