---
password: 75f30ef48cdacb8b206169cb0eae2b9fe03b8728
ip: 75.100.82.134
firstlogin: 1461712967751.000000
lastlogin: 1461712967758.000000
...
