---
password: 87dc240b271e53038e47f224cde121cdf3d32c0d
ip: 99.15.84.134
firstlogin: 1461896239103.000000
lastlogin: 1461896252299.000000
...
