---
password: 1fdbee4720e534309230b33f1bbcb26371e6c578
ip: 37.232.194.120
firstlogin: 1461356333179.000000
lastlogin: 1461356333187.000000
...
