---
password: 6425d55ad7446c2a3ae4ad2b8dc9c9d97acdf049
ip: 91.103.79.174
firstlogin: 1460999973144.000000
lastlogin: 1460999973147.000000
...
