---
password: 5baa61e4c9b93f3f0682250b6cf8331b7ee68fd8
ip: 186.231.122.185
firstlogin: 1461290448120.000000
lastlogin: 1461290448131.000000
...
