---
password: 599245de7a3da5882c93fafb36964fa216f92576
ip: 116.251.200.104
firstlogin: 1461296194084.000000
lastlogin: 1461296205518.000000
...
