---
password: 99b7cf18d2adc625e4e778594289e0c1a0503b99
ip: 86.175.193.206
firstlogin: 1462717090985.000000
lastlogin: 1462717092605.000000
...
