---
password: 4c298298c7a0521e69b06ab16ab5b6b1529da1ac
ip: 49.151.90.207
firstlogin: 1461378220533.000000
lastlogin: 1461378220539.000000
...
