---
password: 68c042d9c8e59ca8ca1a5e55493ac820908b7481
ip: 190.215.132.145
firstlogin: 1461365795149.000000
lastlogin: 1461368829498.000000
...
