---
password: 410ff22d71f12dd5c14affae0abe74e3a83b3311
ip: 76.21.61.240
firstlogin: 1461372715651.000000
lastlogin: 1461372715654.000000
...
