---
password: 86de2e22370173b347496bd332289f92d342512c
ip: 109.159.76.9
firstlogin: 1462209925184.000000
lastlogin: 1462209925187.000000
...
