---
password: 3d9128fb024eff2a0ea8be2cadcd96522f1af53e
ip: 189.25.95.194
firstlogin: 1461263703245.000000
lastlogin: 1461263703247.000000
...
