---
password: 48f4c25058fc1c33fc6bfbc69c37bdea8a1f9977
ip: 104.0.98.109
firstlogin: 1461382260829.000000
lastlogin: 1461382260832.000000
...
