---
password: 7b17553e4daceb12d669d1b79d588b16fa6a2f1d
ip: 95.65.169.233
firstlogin: 1461354006291.000000
lastlogin: 1461354006297.000000
...
