---
password: 5af59e86603ba097830b6d50fc5bc6bc95de48fb
ip: 220.240.247.216
firstlogin: 1461311667427.000000
lastlogin: 1461311667429.000000
...
