---
password: 5f67e63ee7db1fcdb5d113eb6a080a25296a8bfa
ip: 121.54.32.134
firstlogin: 1461305041474.000000
lastlogin: 1461305041477.000000
...
