---
password: 00fdfe937cd089a57d931727f3172b98c81f760f
ip: 201.4.88.28
firstlogin: 1461615675383.000000
lastlogin: 1461615675387.000000
...
