---
password: 03eebbb956b97d94ace92d610b67a856ce2e9e34
ip: 177.245.168.215
firstlogin: 1461883155305.000000
lastlogin: 1462339396400.000000
...
