---
password: 375b2e492a5098a21026d1a70e3853a2e8dd71e8
ip: 131.100.104.30
firstlogin: 1461262699706.000000
lastlogin: 1461262728685.000000
...
