---
password: 1c2b0d17c738509518ecc6efa233ee6c10e724f2
ip: 71.92.150.142
firstlogin: 1461373573206.000000
lastlogin: 1461373573208.000000
...
