---
password: 0b5b51ecae8d6591d9569d1b2e1bed48d311dda9
ip: 84.117.163.118
firstlogin: 1461300497151.000000
lastlogin: 1461300497154.000000
...
