---
password: 99800b85d3383e3a2fb45eb7d0066a4879a9dad0
ip: 189.231.97.210
firstlogin: 1461367224265.000000
lastlogin: 1461367224268.000000
...
