---
password: 1fb5d1a2390057521145766004383ddabe7cc5fa
ip: 180.191.78.245
firstlogin: 1461317050346.000000
lastlogin: 1461317050349.000000
...
