---
password: 828a41661999c56ef198298287334e7a250fb549
ip: 24.69.7.214
firstlogin: 1461283404823.000000
lastlogin: 1461283404825.000000
...
