---
password: 04e906297cf4fdb7f666b9d477a1bbcdeab449c3
ip: 112.209.227.234
firstlogin: 1462349380950.000000
lastlogin: 1462349380958.000000
...
