---
password: 03f5d4b50290c0365f2e6423708e602def151812
ip: 73.41.220.226
firstlogin: 1461333067768.000000
lastlogin: 1461333067771.000000
...
