---
password: 1c2b0d17c738509518ecc6efa233ee6c10e724f2
ip: 201.172.81.189
firstlogin: 1461285534025.000000
lastlogin: 1461285534028.000000
...
