---
password: 1b8099a7e0f64006ab05064599d81a1a8cf1cfb0
ip: 189.131.163.152
firstlogin: 1460981337344.000000
lastlogin: 1460981337347.000000
...
