---
password: 0bf881d39ed23ccfc178e11f4d6eb2e74d385e7b
ip: 181.162.180.71
firstlogin: 1461711610750.000000
lastlogin: 1461711610757.000000
...
