---
password: 5eac8b1690ee67d9f7d8943cc5c760af65123091
ip: 80.5.110.65
firstlogin: 1462032628211.000000
lastlogin: 1462032628213.000000
...
