---
password: 790e17519a9c892bfb6512dfa80c51b00be8f928
ip: 202.62.16.48
firstlogin: 1461313956772.000000
lastlogin: 1461313956774.000000
...
