---
password: 35272bf81dfc11bdbded6fc272348b91e5e4d812
ip: 187.188.64.103
firstlogin: 1461381110328.000000
lastlogin: 1461801530868.000000
...
