---
password: 2e3c0feeabaeb595f91f6dcc1639939ea012c490
ip: 60.50.14.8
firstlogin: 1461311681225.000000
lastlogin: 1461311681228.000000
...
