---
password: 5baa61e4c9b93f3f0682250b6cf8331b7ee68fd8
ip: 99.114.181.13
firstlogin: 1461013242359.000000
lastlogin: 1461013242362.000000
...
