---
password: 40e9d5a154f5b8b6775572281d9f9f3dc7b3a980
ip: 99.46.212.29
firstlogin: 1461271726488.000000
lastlogin: 1461420194608.000000
...
