---
password: 4a31eab12f497a50e37ed19dbbaed0992c42f220
ip: 188.123.231.79
firstlogin: 1461515435630.000000
lastlogin: 1461515435635.000000
...
