---
password: 95752f86c99f1055feba64e03924cb71f0c08315
ip: 81.10.206.119
firstlogin: 1461336037486.000000
lastlogin: 1461336037494.000000
...
