---
password: 20eabe5d64b0e216796e834f52d61fd0b70332fc
ip: 189.251.39.183
firstlogin: 1461022831796.000000
lastlogin: 1461022831805.000000
...
