---
password: 34a9c73a546c799d773b2d7f850996df3febf58c
ip: 82.234.33.14
firstlogin: 1461273050193.000000
lastlogin: 1461273050196.000000
...
