---
password: 1fb3381f4a67bfc2b7766213d411e29c8fca277c
ip: 112.208.213.23
firstlogin: 1462243223722.000000
lastlogin: 1462243225929.000000
...
