---
password: 18716d5186ef0e352d28c3ee66fd65647e88380e
ip: 24.165.145.67
firstlogin: 1461361827522.000000
lastlogin: 1461361827524.000000
...
