---
password: 54b549626b77a49b37f2d06edd764e29f78651b1
ip: 99.255.19.208
firstlogin: 1462025493417.000000
lastlogin: 1462025493419.000000
...
