---
password: 601f1889667efaebb33b8c12572835da3f027f78
ip: 82.205.26.181
firstlogin: 1461842116647.000000
lastlogin: 1461842116659.000000
...
