---
password: 6d850bffbb8cc86ebb89c59540cc737b285ff3bd
ip: 66.41.56.246
firstlogin: 1462108721745.000000
lastlogin: 1462328018746.000000
...
