---
password: 6646780b8ea3a6feaf4c24a5e04f990a2c2c050e
ip: 78.60.5.110
firstlogin: 1461342897124.000000
lastlogin: 1461342897131.000000
...
