---
password: 02bca76abc649e7b81323ea22fdbb0bdcc7bfe6f
ip: 71.94.139.36
firstlogin: 1461385716008.000000
lastlogin: 1461385716013.000000
...
