---
password: 7bf57b851984383f400da6d8fd3615d4a11a960b
ip: 184.2.182.251
firstlogin: 1461433907110.000000
lastlogin: 1461433907112.000000
...
