---
password: 8b057f39d18e294235ab27685bd61815c856eaa6
ip: 32.212.156.203
firstlogin: 1461511356982.000000
lastlogin: 1461511356984.000000
...
