---
password: 82eb0a62b2b217f094a6e03f8c5784a319b9ca5c
ip: 86.0.116.129
firstlogin: 1462024940444.000000
lastlogin: 1462024940450.000000
...
