---
password: 02bca76abc649e7b81323ea22fdbb0bdcc7bfe6f
ip: 172.249.230.125
firstlogin: 1462495847312.000000
lastlogin: 1462495847317.000000
...
