---
password: 72065182a0c779c1760845bedd9d8e6d27df0b3e
ip: 217.225.209.139
firstlogin: 1461336666474.000000
lastlogin: 1461336666479.000000
...
