---
password: 3fe3182f58b69752a555d6aef9684b8e303e2ef9
ip: 109.76.155.106
firstlogin: 1462430391452.000000
lastlogin: 1462619183901.000000
...
