---
password: 7af5e677ba97ba56ba716b375429c34c0cf1428a
ip: 71.53.236.59
firstlogin: 1461369475533.000000
lastlogin: 1461369475541.000000
...
