---
password: 59033478180d07080d5e4f3baa0099996c364162
ip: 84.147.59.60
firstlogin: 1461350682498.000000
lastlogin: 1461350682504.000000
...
