---
password: 8b2673856fbc49ad5fcfaa14d359edd33d1f5d0a
ip: 77.51.150.115
firstlogin: 1461328111877.000000
lastlogin: 1461328111886.000000
...
