---
password: 5158e4028a44a17cff11d425eb9a2bda89c75c8e
ip: 94.202.247.10
firstlogin: 1461327562600.000000
lastlogin: 1461327562603.000000
...
