---
password: 40bf696d25dd56ed44c864e05f75d33a4cface91
ip: 86.182.51.164
firstlogin: 1462039923555.000000
lastlogin: 1462039923558.000000
...
