---
password: 391dd18dbc8702c7d78ffc400c47c4404f2b0cfc
ip: 75.133.170.232
firstlogin: 1461271275485.000000
lastlogin: 1461271275496.000000
...
