---
password: 1c2b0d17c738509518ecc6efa233ee6c10e724f2
ip: 24.255.11.86
firstlogin: 1461769569978.000000
lastlogin: 1461769569981.000000
...
