---
password: 02e0a999c50b1f88df7a8f5a04e1b76b35ea6a88
ip: 74.124.177.12
firstlogin: 1460816731887.000000
lastlogin: 1460816731890.000000
...
