---
password: 1c2b0d17c738509518ecc6efa233ee6c10e724f2
ip: 76.173.24.22
firstlogin: 1461341597191.000000
lastlogin: 1461341597193.000000
...
