---
password: 1cef9278ee452b7e453aaea72fcc68d71f90b8e1
ip: 223.25.16.230
firstlogin: 1461301251270.000000
lastlogin: 1461366713722.000000
...
