---
password: 4d3e5560ed3cbcd3208cb6d57346b3b863f42e3f
ip: 75.88.143.208
firstlogin: 1461285196550.000000
lastlogin: 1461545673807.000000
...
