---
password: 879fb33dd91ea07541abb40bf84ed9edab1f9cc4
ip: 92.237.107.100
firstlogin: 1461308807266.000000
lastlogin: 1461308807273.000000
...
