---
password: 309561843dd2fb0090810a3c8366a5c7078e1575
ip: 124.6.181.172
firstlogin: 1461291339060.000000
lastlogin: 1461328613143.000000
...
