---
password: 17a5a1ee262fdf9b3ea994b7eb3fc3bcff911739
ip: 121.54.54.219
firstlogin: 1461278238745.000000
lastlogin: 1461278238748.000000
...
