---
password: 29cdfa5d62a729830f230a7185d19f3924c2a771
ip: 71.86.101.185
firstlogin: 1462597158815.000000
lastlogin: 1462597158818.000000
...
