---
password: 3e5ae1f387a2f1637a0ea79c1a1259282c7f77f6
ip: 176.218.96.156
firstlogin: 1461345320962.000000
lastlogin: 1461345320974.000000
...
