---
password: 3e5ae1f387a2f1637a0ea79c1a1259282c7f77f6
ip: 46.2.29.146
firstlogin: 1461765717766.000000
lastlogin: 1461765717770.000000
...
