---
password: 7961b022496ce35c29b87969a56c221fe0648c8a
ip: 177.134.247.203
firstlogin: 1461284606649.000000
lastlogin: 1461345532762.000000
...
