---
password: 7961b022496ce35c29b87969a56c221fe0648c8a
ip: 191.34.170.213
firstlogin: 1461274046161.000000
lastlogin: 1461274046164.000000
...
