---
password: 391a2955cab61078b3ecb3b59b04013789e6b1b3
ip: 106.155.191.145
firstlogin: 1461504869952.000000
lastlogin: 1461504869956.000000
...
