---
password: 2d179ac16bf1a6ede08873d9ab048a6d2f512d18
ip: 68.95.165.210
firstlogin: 1461449746333.000000
lastlogin: 1461449746338.000000
...
