---
password: 1c2b0d17c738509518ecc6efa233ee6c10e724f2
ip: 24.116.28.215
firstlogin: 1461357034947.000000
lastlogin: 1461373200820.000000
...
