---
password: 75c065b885dd35f48e998b6ff5858095050eec37
ip: 178.120.91.124
firstlogin: 1461332096627.000000
lastlogin: 1461332096630.000000
...
