---
password: 34dccd93b408a93a3ca3f5600917f1b8fa73d297
ip: 106.69.110.7
firstlogin: 1461272384754.000000
lastlogin: 1461307438022.000000
...
