---
password: 1c2b0d17c738509518ecc6efa233ee6c10e724f2
ip: 107.217.150.188
firstlogin: 1461362649118.000000
lastlogin: 1461362649121.000000
...
