---
password: 56db2d6fc5f03780614233db0e7912754f71aa45
ip: 70.117.30.150
firstlogin: 1461360398650.000000
lastlogin: 1461360398660.000000
...
