---
password: 4a3c617a70806cc29c3f16c715e9ef8559d04e5e
ip: 87.101.195.19
firstlogin: 1461284980857.000000
lastlogin: 1461284980867.000000
...
