---
password: 5a2824f7c8abfdcf266e6fcebe8d67d372d16fcb
ip: 54.149.179.41
firstlogin: 1461281084085.000000
lastlogin: 1461429991466.000000
...
