---
password: 7c4a8d09ca3762af61e59520943dc26494f8941b
ip: 174.68.110.55
firstlogin: 1462152808368.000000
lastlogin: 1462152808370.000000
...
