---
password: 624c22a8c8f8c93f18fe5ecd4713100c8d754507
ip: 106.69.144.36
firstlogin: 1461375047604.000000
lastlogin: 1462189958713.000000
...
