---
password: 7c222fb2927d828af22f592134e8932480637c0d
ip: 109.201.200.203
firstlogin: 1461301480937.000000
lastlogin: 1461301480940.000000
...
