---
password: 01b307acba4f54f55aafc33bb06bbbf6ca803e9a
ip: 37.112.76.79
firstlogin: 1461327845579.000000
lastlogin: 1461327845581.000000
...
