---
password: 9516cff34b009dcc5662a927b4d403a7d8f9db45
ip: 58.165.219.250
firstlogin: 1462051927645.000000
lastlogin: 1462051927647.000000
...
