---
password: 712e8691bb51cc659aad02d6d404faef00639c4d
ip: 71.85.149.171
firstlogin: 1462403648688.000000
lastlogin: 1462403648691.000000
...
