---
password: 94b19a105fce9aa5d2e3270cc428e808538ef548
ip: 24.55.11.46
firstlogin: 1461279167735.000000
lastlogin: 1461279167737.000000
...
