---
password: 0e55c5611840b21f9b858d3cafa1e4ff924ec636
ip: 31.178.172.190
firstlogin: 1462711360816.000000
lastlogin: 1462711360818.000000
...
