---
password: 13af381fd425b25b33423accff1d390db7a56e66
ip: 179.96.246.64
firstlogin: 1460907746133.000000
lastlogin: 1460907746135.000000
...
