---
password: 85923b6e3e973538711fbd3a4cbd65fd5d4bf0a9
ip: 185.57.31.3
firstlogin: 1461303544699.000000
lastlogin: 1461303544702.000000
...
