---
password: 5baa61e4c9b93f3f0682250b6cf8331b7ee68fd8
ip: 118.101.236.31
firstlogin: 1461294768486.000000
lastlogin: 1461382752273.000000
...
