---
password: 7ec1cd80cfd5918825928b1232bfbfb16fa9c0cd
ip: 178.45.14.69
firstlogin: 1461323615931.000000
lastlogin: 1461323615937.000000
...
