---
password: 71f742fd5deb8109ef8234fc71f1e69a90b10a5e
ip: 121.54.32.142
firstlogin: 1461321775969.000000
lastlogin: 1461321775972.000000
...
