---
password: 01b307acba4f54f55aafc33bb06bbbf6ca803e9a
ip: 93.169.33.51
firstlogin: 1461269663627.000000
lastlogin: 1461269663639.000000
...
