---
password: 9298d9444c59e5df7614cad1653e03be33aa5399
ip: 37.248.255.57
firstlogin: 1461268445556.000000
lastlogin: 1461268445559.000000
...
