---
password: 3326491defc3ea48ceaa21797ed052135a545061
ip: 89.39.200.106
firstlogin: 1461320253716.000000
lastlogin: 1461320254235.000000
...
