---
password: 99d8ed595ee1e8ca793887e0f4e0185c2758633d
ip: 192.180.4.143
firstlogin: 1462710165282.000000
lastlogin: 1462710165284.000000
...
