---
password: 00e8997711bb55ee55615d67b79a7ca53e5415d7
ip: 92.226.9.79
firstlogin: 1462117483880.000000
lastlogin: 1462117491804.000000
...
