---
password: 7ab515d12bd2cf431745511ac4ee13fed15ab578
ip: 2.132.234.39
firstlogin: 1461310149491.000000
lastlogin: 1461310149501.000000
...
