---
password: 8cba62ef05d6f9692c20a1407303fbf7765a490d
ip: 84.3.133.144
firstlogin: 1461348666626.000000
lastlogin: 1461348666631.000000
...
