---
password: 00ea1da4192a2030f9ae023de3b3143ed647bbab
ip: 85.96.130.201
firstlogin: 1462225893643.000000
lastlogin: 1462618143668.000000
...
