---
password: 5baa61e4c9b93f3f0682250b6cf8331b7ee68fd8
ip: 24.252.121.9
firstlogin: 1462622881321.000000
lastlogin: 1462622881324.000000
...
