---
password: 1c2b0d17c738509518ecc6efa233ee6c10e724f2
ip: 186.45.21.206
firstlogin: 1461355460037.000000
lastlogin: 1461355460040.000000
...
