---
password: 68bb6b59cc7d2bd6dfe267f0f746ec430f027185
ip: 197.118.91.217
firstlogin: 1460919902959.000000
lastlogin: 1460919902961.000000
...
