---
password: 3e83b13d99bf0de6c6bde5ac5ca4ae687a3d46db
ip: 80.61.170.80
firstlogin: 1462354636294.000000
lastlogin: 1462354636297.000000
...
