---
password: 1152d02b9abf939261832447ba154eeace681455
ip: 223.25.10.178
firstlogin: 1461315867032.000000
lastlogin: 1461315867034.000000
...
