---
password: 578a7ed8bc14eff311920f1bf25ceaf9567c8a34
ip: 74.132.83.201
firstlogin: 1462636228068.000000
lastlogin: 1462636228078.000000
...
