---
password: 1c2b0d17c738509518ecc6efa233ee6c10e724f2
ip: 139.0.77.199
firstlogin: 1461289180657.000000
lastlogin: 1461298505930.000000
...
