---
password: 6c9f14be8e0d4f69ee855e13cee2542135278559
ip: 81.200.55.230
firstlogin: 1461331215105.000000
lastlogin: 1461331228385.000000
...
