---
password: 11711bcd395dca23d7a9dddd6913e4f8c3fd2582
ip: 23.241.73.97
firstlogin: 1461541875546.000000
lastlogin: 1462587043498.000000
...
