---
password: 1f7b58275a978a7817239c87a0c2999b50873450
ip: 172.89.42.151
firstlogin: 1461297156421.000000
lastlogin: 1462119451774.000000
...
