---
password: 20eabe5d64b0e216796e834f52d61fd0b70332fc
ip: 177.237.146.50
firstlogin: 1461270421325.000000
lastlogin: 1461270421328.000000
...
