---
password: 13e3b8019fa97054d1f2e286590d6b46bf0d10a6
ip: 213.216.53.146
firstlogin: 1461605258045.000000
lastlogin: 1461605258051.000000
...
