---
password: 6584b9a0e55ba5c30d2d9efb3f186d711f32af55
ip: 73.169.199.179
firstlogin: 1461305745948.000000
lastlogin: 1461305745951.000000
...
