---
password: 98a9e62c481527f71dd942f7abc076e0346d13f1
ip: 186.214.128.127
firstlogin: 1461568321223.000000
lastlogin: 1461568321232.000000
...
