---
password: 8702d9593abcc15775eea3f96fd4f95ea7a6e31d
ip: 82.112.141.75
firstlogin: 1460909843937.000000
lastlogin: 1460909843940.000000
...
