---
password: 47df7003f871fe03b0ac744ddb42fabc5799e336
ip: 216.133.146.42
firstlogin: 1461617993422.000000
lastlogin: 1461617993430.000000
...
