---
password: 68d88619f85f3f70bc3611ea70600f2430861fef
ip: 189.215.210.162
firstlogin: 1461432365416.000000
lastlogin: 1461432365425.000000
...
