---
password: 1c2b0d17c738509518ecc6efa233ee6c10e724f2
ip: 61.6.236.157
firstlogin: 1461299751622.000000
lastlogin: 1461299751625.000000
...
