---
password: 5baa61e4c9b93f3f0682250b6cf8331b7ee68fd8
ip: 99.255.79.107
firstlogin: 1462041613200.000000
lastlogin: 1462041613202.000000
...
