---
password: 3d9128fb024eff2a0ea8be2cadcd96522f1af53e
ip: 179.97.10.10
firstlogin: 1461278083476.000000
lastlogin: 1461278083478.000000
...
