---
password: 1c2b0d17c738509518ecc6efa233ee6c10e724f2
ip: 67.20.227.118
firstlogin: 1461292348775.000000
lastlogin: 1461292348778.000000
...
