---
password: 5f33b65d255b05ab2220064243c3f46968b28f8e
ip: 69.169.249.217
firstlogin: 1462323797828.000000
lastlogin: 1462323797831.000000
...
