---
password: 1940c56fd33a16d814dcb27383830929fbc87934
ip: 162.196.65.246
firstlogin: 1461101252400.000000
lastlogin: 1461101252419.000000
...
