---
password: 1c2b0d17c738509518ecc6efa233ee6c10e724f2
ip: 112.203.170.220
firstlogin: 1461294552242.000000
lastlogin: 1461304828310.000000
...
