---
password: 4a7b7626d2ba813d4db963d62380134d236cdfd2
ip: 188.237.130.57
firstlogin: 1461348509741.000000
lastlogin: 1461348509744.000000
...
