---
password: 1c2b0d17c738509518ecc6efa233ee6c10e724f2
ip: 77.31.17.84
firstlogin: 1461278932336.000000
lastlogin: 1461278932354.000000
...
