---
password: 5baa61e4c9b93f3f0682250b6cf8331b7ee68fd8
ip: 76.21.224.128
firstlogin: 1461017919053.000000
lastlogin: 1461433259815.000000
...
