---
password: 7cae8421a101a5bcde228a1c1abc3919986df8e8
ip: 187.32.116.160
firstlogin: 1461338426244.000000
lastlogin: 1461338426247.000000
...
