---
password: 5baa61e4c9b93f3f0682250b6cf8331b7ee68fd8
ip: 185.37.87.42
firstlogin: 1460959454746.000000
lastlogin: 1461587527388.000000
...
