---
password: 75cb281f412c1cf8f7de552d1170ff59490c280b
ip: 201.22.247.55
firstlogin: 1461373732170.000000
lastlogin: 1461373732173.000000
...
