---
password: 7dd6dba238d44f12f83c4cfcff168ffadda5e2db
ip: 173.88.130.255
firstlogin: 1461369356258.000000
lastlogin: 1461369356261.000000
...
