---
password: 12598eefd42409911ebce5f5ffc626e32a95818e
ip: 191.243.200.98
firstlogin: 1461280383451.000000
lastlogin: 1461280383456.000000
...
