---
password: 0ccdaa43ee1a7051af761b0457b2fa68b062ab1e
ip: 66.27.167.11
firstlogin: 1461381523300.000000
lastlogin: 1461381523303.000000
...
