---
password: 7110eda4d09e062aa5e4a390b0a572ac0d2c0220
ip: 190.52.61.153
firstlogin: 1460908679989.000000
lastlogin: 1461166501531.000000
...
