---
password: 1c2b0d17c738509518ecc6efa233ee6c10e724f2
ip: 82.231.120.73
firstlogin: 1462207812922.000000
lastlogin: 1462207839058.000000
...
