---
password: 81f705dc2ce1a61a2621e0e4b442a9474e1d0c70
ip: 152.173.48.112
firstlogin: 1461296538429.000000
lastlogin: 1461296538439.000000
...
