---
password: 4eb71860ecb83990c90ec21bb1ffaf4ffacefd9b
ip: 109.252.79.109
firstlogin: 1461516185195.000000
lastlogin: 1461516185198.000000
...
