---
password: 6df13e6151354b594dff2c72d2614e1163254ae4
ip: 95.190.164.195
firstlogin: 1462155318750.000000
lastlogin: 1462155318752.000000
...
