---
password: 92724b1c5320ae126f581a6378fbab51e9892a9d
ip: 121.54.58.241
firstlogin: 1461520793508.000000
lastlogin: 1461520793515.000000
...
