---
password: 14420b1fb21d88fe5085cb100c3861a0b57f8b50
ip: 100.11.190.136
firstlogin: 1461356815548.000000
lastlogin: 1461438939405.000000
...
