---
password: 3eeb51742b25d926a28c7457bdf37d173095b3f8
ip: 219.79.72.254
firstlogin: 1462152374281.000000
lastlogin: 1462190053134.000000
...
