---
password: 5baa61e4c9b93f3f0682250b6cf8331b7ee68fd8
ip: 67.189.82.237
firstlogin: 1461384916446.000000
lastlogin: 1461384916451.000000
...
