---
password: 8b32ea2e8faf31a5aca45eedc88582b371aefc60
ip: 119.160.181.119
firstlogin: 1461308734193.000000
lastlogin: 1461308734196.000000
...
