---
password: 522825f45541c80ccbd9af00f48e04671e882937
ip: 2.121.120.7
firstlogin: 1461335642487.000000
lastlogin: 1461335642489.000000
...
