---
password: 175a8f786bf44a71b947ebec439ad05d1c06e816
ip: 73.42.87.71
firstlogin: 1461288772948.000000
lastlogin: 1461288772951.000000
...
