---
password: 949f88b49f2fc6a338c12e3cca5f1d85de44839e
ip: 72.211.88.18
firstlogin: 1461285885681.000000
lastlogin: 1461285885689.000000
...
