---
password: 974e9399dfc0f2dd04c0f0f3d9512721ab8fc2ef
ip: 89.164.147.194
firstlogin: 1461262749603.000000
lastlogin: 1461262749605.000000
...
