---
password: 4f3b8fa65bb090c84985e0052cbcc703f6eeacae
ip: 72.202.149.37
firstlogin: 1461285109748.000000
lastlogin: 1461285109833.000000
...
