---
password: 26fcc20b27a409bdfbcb83d2d34a8bcb683aab4a
ip: 73.72.96.41
firstlogin: 1461377426405.000000
lastlogin: 1461377426789.000000
...
