---
password: 1de425d69d4642d1e3b8369d73aa1a916eaca7bf
ip: 73.46.5.122
firstlogin: 1461282582265.000000
lastlogin: 1461317821556.000000
...
