---
password: 2df33aa565a7ad46bd79d82eb9d6e934ab8298dc
ip: 68.107.144.223
firstlogin: 1461803995495.000000
lastlogin: 1461803995497.000000
...
