---
password: 1c2b0d17c738509518ecc6efa233ee6c10e724f2
ip: 76.175.173.50
firstlogin: 1461296413780.000000
lastlogin: 1461296413783.000000
...
