---
password: 99800b85d3383e3a2fb45eb7d0066a4879a9dad0
ip: 77.27.142.187
firstlogin: 1461355727285.000000
lastlogin: 1461355727291.000000
...
