---
password: 99beabb7c2dfa687775de4abd0daca669c792006
ip: 119.94.223.46
firstlogin: 1461311929465.000000
lastlogin: 1461311929468.000000
...
