---
password: 86402fe1bf552665657be255930a3e4a4ba82b61
ip: 177.1.12.56
firstlogin: 1461367702607.000000
lastlogin: 1461367702611.000000
...
