---
password: 2f2c499ddcb405823ded52771fe707d0e0a1ceee
ip: 189.222.239.181
firstlogin: 1461356903320.000000
lastlogin: 1461356903322.000000
...
