---
password: 59e59c94bb9493a303623ee5019773ae7114b68c
ip: 79.69.39.186
firstlogin: 1462108008538.000000
lastlogin: 1462108008543.000000
...
