---
password: 1c2b0d17c738509518ecc6efa233ee6c10e724f2
ip: 86.182.216.167
firstlogin: 1462109410084.000000
lastlogin: 1462109410087.000000
...
