---
password: 6577986f57b1d3a2f7899077dd26450acf387718
ip: 2.99.112.146
firstlogin: 1462201500396.000000
lastlogin: 1462201543394.000000
...
