---
password: 2f665b1b5609e288404a3f4f62433d35d65ae01d
ip: 74.233.12.65
firstlogin: 1461269452016.000000
lastlogin: 1461269452020.000000
...
