---
password: 4cd00d2ad7cf88eb3f183d8de027993513f4c151
ip: 49.148.35.215
firstlogin: 1461328523960.000000
lastlogin: 1461382654446.000000
...
