---
password: 5ccfe408557a6f1453fc5c5189f23721757f0a7e
ip: 67.80.214.191
firstlogin: 1461362485926.000000
lastlogin: 1461362485932.000000
...
