---
password: 8a70c2fee89e567b9124754dba620cc55783aa0b
ip: 2.30.98.107
firstlogin: 1462634459600.000000
lastlogin: 1462634459602.000000
...
