---
password: 7386cbfd1b5425e85d7c43da8f64f8f98addd906
ip: 74.129.134.145
firstlogin: 1462237400378.000000
lastlogin: 1462237400380.000000
...
