---
password: 9216c0b4bae3e39d6d19d64c24d60e85820eaa12
ip: 96.44.91.189
firstlogin: 1462043757211.000000
lastlogin: 1462053169032.000000
...
