---
password: 744886382d015939ca9a05f1dbadef5aeac235bb
ip: 176.249.200.52
firstlogin: 1461317232334.000000
lastlogin: 1461317232340.000000
...
