---
password: 8ae5a4d92396929b03cfdf815d9bea348a9e1a51
ip: 89.241.241.186
firstlogin: 1462705571268.000000
lastlogin: 1462705571270.000000
...
