---
password: 8ca0d309af056b1a131305b48566fcc3d9f75e2d
ip: 174.22.176.33
firstlogin: 1461367747102.000000
lastlogin: 1461367747109.000000
...
