---
password: 374d9c613473c087369413493deff749d8273309
ip: 99.240.102.64
firstlogin: 1461281537046.000000
lastlogin: 1461281537048.000000
...
