---
password: 55ef6d68e97bd3973c33981d1ddeb8db06265fe4
ip: 72.189.131.232
firstlogin: 1461299176731.000000
lastlogin: 1461299176734.000000
...
