---
password: 3161cdc7bf197e4c3a35b9cbe358c79910f27e90
ip: 124.104.44.41
firstlogin: 1461075542292.000000
lastlogin: 1461075542294.000000
...
