---
password: 77a5f2b820983ce006fa2dd3b282914b23baa6d9
ip: 181.199.152.128
firstlogin: 1461368826738.000000
lastlogin: 1461368826741.000000
...
