---
password: 0199340aabca68a2c446f162b95d5a032f75339b
ip: 73.35.104.35
firstlogin: 1461368810397.000000
lastlogin: 1461368810400.000000
...
