---
password: 7c222fb2927d828af22f592134e8932480637c0d
ip: 218.156.56.232
firstlogin: 1461386103333.000000
lastlogin: 1461386103336.000000
...
