---
password: 0d60a9c475273433354f2b3d38a860ada1f8794b
ip: 179.187.186.103
firstlogin: 1461331030728.000000
lastlogin: 1461331030731.000000
...
