---
password: 01b307acba4f54f55aafc33bb06bbbf6ca803e9a
ip: 178.137.74.215
firstlogin: 1461299773349.000000
lastlogin: 1461299773352.000000
...
