---
password: 5fcb6c954bcd673707e2863fae8e439f0111a263
ip: 210.187.146.175
firstlogin: 1462591578340.000000
lastlogin: 1462591578342.000000
...
