---
password: 39308193c76181c837427f391d3fcc08a75d801d
ip: 201.141.183.30
firstlogin: 1461296033720.000000
lastlogin: 1461296033722.000000
...
