---
password: 03d6c59d5077b83a1dee51b0f355bdcd6c25ab66
ip: 86.145.238.19
firstlogin: 1461371342971.000000
lastlogin: 1461371342974.000000
...
