---
password: 645395a7c66b6064c08ddc3e8259ee8ccfefe973
ip: 70.50.51.80
firstlogin: 1461105442872.000000
lastlogin: 1461281331078.000000
...
