---
password: 8b61a30a13830a1a616d7d32dabebae79a0a0263
ip: 2.126.188.35
firstlogin: 1460911362131.000000
lastlogin: 1460911362134.000000
...
