---
password: 00aaa59a29e1b5ebcf475f10e5696df22d8d6556
ip: 110.22.14.213
firstlogin: 1461540880144.000000
lastlogin: 1461540880146.000000
...
