---
password: 5d08011915ae15c185ee0b74c850dc603972b572
ip: 74.101.32.82
firstlogin: 1461517318782.000000
lastlogin: 1461517318784.000000
...
