---
password: 8a30407962eeb19b309b78ddf587aea18ab55232
ip: 92.20.225.56
firstlogin: 1461339922061.000000
lastlogin: 1461339922066.000000
...
