---
password: 8aa40001b9b39cb257fe646a561a80840c806c55
ip: 31.38.234.247
firstlogin: 1461517147276.000000
lastlogin: 1461517147282.000000
...
