---
password: 8cb2237d0679ca88db6464eac60da96345513964
ip: 93.158.244.161
firstlogin: 1461325796395.000000
lastlogin: 1461325796397.000000
...
