---
password: 9497454f76f942692cd4eea509af9b622a1c40fb
ip: 93.133.167.12
firstlogin: 1461340739845.000000
lastlogin: 1461340739847.000000
...
