---
password: 566523e34860c0f94ad5b37d669848ba36c161d6
ip: 176.114.19.121
firstlogin: 1461279450557.000000
lastlogin: 1461279450562.000000
...
