---
password: 9cb96c333ee34ee6592a705eb22ebbde9b0e1a01
ip: 2.245.90.234
firstlogin: 1461343341687.000000
lastlogin: 1461343341690.000000
...
