---
password: 03de47fc97850ba12db5fe2e7ebe484b08516341
ip: 96.252.235.158
firstlogin: 1461436512527.000000
lastlogin: 1461436512532.000000
...
