---
password: 756e15d0e316cab8262f9ed90d1290ec34571055
ip: 178.172.147.166
firstlogin: 1461387630443.000000
lastlogin: 1461387630453.000000
...
