---
password: 7e23e95ab71e3c651812f25f4b4a51ba94c195c7
ip: 94.29.124.56
firstlogin: 1461320412328.000000
lastlogin: 1461320412330.000000
...
