---
password: 39486a463e1ed03826a3e7ac85e1553c98fa50a6
ip: 96.59.41.8
firstlogin: 1461334863293.000000
lastlogin: 1461334863296.000000
...
