---
password: 16afe641597053f10fd0029f3d6646e43a4ad9ba
ip: 173.18.162.185
firstlogin: 1461064663475.000000
lastlogin: 1462538360325.000000
...
