---
password: 174e4d639f079eea603c9f6b68bf11b9ffe26a02
ip: 50.35.78.0
firstlogin: 1462416227637.000000
lastlogin: 1462416227640.000000
...
