---
password: 2c69d7c0a5216d137c3c25c8504d6b09bc9d8f30
ip: 173.56.48.53
firstlogin: 1462140636215.000000
lastlogin: 1462140636217.000000
...
