---
password: 9329b5ed0b97ce6d60adf68834ea4d7ae2ed3409
ip: 151.47.161.167
firstlogin: 1461361716949.000000
lastlogin: 1461361716951.000000
...
