---
password: 976a07308b93634dae11b371a25108c3f09e7ec3
ip: 189.242.58.169
firstlogin: 1460916441617.000000
lastlogin: 1461795458867.000000
...
