---
password: 9c5e0f17262cd40dc39dd544ddd7a06d790636d9
ip: 191.189.8.174
firstlogin: 1461001250418.000000
lastlogin: 1461001250421.000000
...
