---
password: 1c2b0d17c738509518ecc6efa233ee6c10e724f2
ip: 188.162.245.146
firstlogin: 1461297957397.000000
lastlogin: 1461297957400.000000
...
