---
password: 8f80b44968ea7b99a59587385bb3f599630f6150
ip: 112.198.103.173
firstlogin: 1462206722789.000000
lastlogin: 1462206722791.000000
...
