---
password: 3af5f2cfe5807b9eff19a0c65a6c0a3c09c1a3c7
ip: 91.59.213.33
firstlogin: 1461329806039.000000
lastlogin: 1461329806041.000000
...
