---
password: 39b36c655f1355d402a173e04db4a68c4f69b572
ip: 119.95.27.140
firstlogin: 1461305315469.000000
lastlogin: 1461305315491.000000
...
