---
password: 8cb2237d0679ca88db6464eac60da96345513964
ip: 98.162.199.235
firstlogin: 1461381868186.000000
lastlogin: 1461381868188.000000
...
