---
password: 87c0c1cd3fcd5a728f5cbd61eaa83ebd4cd7886c
ip: 94.11.177.220
firstlogin: 1461617554199.000000
lastlogin: 1461617554201.000000
...
