---
password: 42c850237126c211ae7a1a6808e8069d3a650492
ip: 24.6.73.49
firstlogin: 1460937007139.000000
lastlogin: 1460937007141.000000
...
