---
password: 56d6ea0bcf1e2ceeeb6f35c2e9f50ecb760b3d37
ip: 79.142.150.46
firstlogin: 1461332279417.000000
lastlogin: 1461332279419.000000
...
