---
password: 600236173bf2c5c8eb551260e4faf2e72de8afe0
ip: 177.3.154.10
firstlogin: 1461356752082.000000
lastlogin: 1461356752084.000000
...
