---
password: 2e0ded52aee35357d00f571cdf3f26ba540b864c
ip: 82.78.233.88
firstlogin: 1462619370426.000000
lastlogin: 1462619370428.000000
...
