---
password: 05e1a44af109ce8d7ab4587aa8f83e8dd6f3b2d9
ip: 86.127.141.229
firstlogin: 1461266076530.000000
lastlogin: 1461266076532.000000
...
