---
password: 8034c43d15bb7ef42e2cc24255217acfc5f4b2f4
ip: 187.57.241.28
firstlogin: 1461357209864.000000
lastlogin: 1461357209874.000000
...
