---
password: 3fea72630a40e5721457683afa16f7cd0fd0c437
ip: 5.14.91.17
firstlogin: 1461335102383.000000
lastlogin: 1461335102386.000000
...
