---
password: 1df6cde5cdbd94e3215ff8b4d7e12cfd9055de75
ip: 73.72.236.39
firstlogin: 1460944214086.000000
lastlogin: 1460944214089.000000
...
