---
password: 2d8d596a0b97569f9226a8c33ed9c6dbc8d88120
ip: 89.34.93.48
firstlogin: 1461421128077.000000
lastlogin: 1461421128081.000000
...
