---
password: 3c988e9d4da84f332f89ffa95792ae37bb8ba6ed
ip: 201.162.21.207
firstlogin: 1461911362610.000000
lastlogin: 1461911362618.000000
...
