---
password: 1c2b0d17c738509518ecc6efa233ee6c10e724f2
ip: 105.100.21.160
firstlogin: 1461265910061.000000
lastlogin: 1461265910066.000000
...
