---
password: 083492e00133365f6cb687f28d18f33c902ff499
ip: 81.84.98.150
firstlogin: 1461002559273.000000
lastlogin: 1461004527599.000000
...
