---
password: 6cd5f3f6acfd865f049693d7a20f80660d16f088
ip: 186.89.179.196
firstlogin: 1462206477966.000000
lastlogin: 1462386248066.000000
...
