---
password: 4e0f17c791d5a6c37bbc3af4cd6175c6ccef449a
ip: 79.227.217.31
firstlogin: 1461519933098.000000
lastlogin: 1461519933107.000000
...
