---
password: 6e1b9da460d59c13062be9fe6f63c205a0d0be0e
ip: 93.47.59.167
firstlogin: 1461346207310.000000
lastlogin: 1461346207319.000000
...
