---
password: 04b95556befdccd3e2e2aaca18088a4e01ca5df9
ip: 77.98.27.160
firstlogin: 1461263980656.000000
lastlogin: 1461263980665.000000
...
