---
password: 69bb6e0c1df7f2721800dd6ed0982e7cc4f0875e
ip: 184.41.243.147
firstlogin: 1461266741551.000000
lastlogin: 1461266741554.000000
...
