---
password: 6b3799be4300e44489a08090123f3842e6419da5
ip: 101.163.65.124
firstlogin: 1461269842190.000000
lastlogin: 1461269842194.000000
...
