---
password: 2c07a461905f2314edfe33af11322f0f53c11f95
ip: 187.22.93.121
firstlogin: 1461283013582.000000
lastlogin: 1461283013585.000000
...
