---
password: 60b844e9fe876d17a38a3bf157d1b4bb649b598c
ip: 75.75.81.38
firstlogin: 1461379047363.000000
lastlogin: 1461432335765.000000
...
