---
password: 7e5120066f64785b50952b641a9e58b7e77ffd3b
ip: 187.149.225.161
firstlogin: 1461043238706.000000
lastlogin: 1461043238715.000000
...
