---
password: 16d865fde87eb6137858359a531b5e42fa80c476
ip: 76.97.2.182
firstlogin: 1462051324279.000000
lastlogin: 1462577562624.000000
...
