---
password: 17f814eab21cebd1ed7425d683c4a609f436b8be
ip: 179.189.114.2
firstlogin: 1461355593150.000000
lastlogin: 1461355593160.000000
...
