---
password: 01ef43b31be0c1893f7a9d52a335e4232a2789bc
ip: 97.77.174.70
firstlogin: 1461290532714.000000
lastlogin: 1461290532721.000000
...
