---
password: 823830e46a28eba66cfd2a801426e6b407e9c297
ip: 104.13.199.105
firstlogin: 1461282118862.000000
lastlogin: 1461282118865.000000
...
