---
password: 1285078b0c23ac9fed537acd99f959ca39d41e0d
ip: 64.237.237.77
firstlogin: 1461279800630.000000
lastlogin: 1462644440658.000000
...
