---
password: 40bd001563085fc35165329ea1ff5c5ecbdbbeef
ip: 188.49.149.143
firstlogin: 1461347571607.000000
lastlogin: 1461347571610.000000
...
