---
password: 5e754404dd5dbc611e93d8676ce39a65c8ed70e6
ip: 203.87.156.183
firstlogin: 1461303445725.000000
lastlogin: 1461303445728.000000
...
