---
password: 627a90769fe5e2323e19747cdd7624b75b111200
ip: 73.130.219.113
firstlogin: 1461381004113.000000
lastlogin: 1461381004117.000000
...
