---
password: 7110eda4d09e062aa5e4a390b0a572ac0d2c0220
ip: 130.180.208.180
firstlogin: 1461583985207.000000
lastlogin: 1461583985210.000000
...
