---
password: 722b00bab213a893e91d6d0fcc86462a38f8952e
ip: 222.153.124.84
firstlogin: 1461281531679.000000
lastlogin: 1461281531681.000000
...
