---
password: 74287e1d5541a1e3456af93e1152ce8d976d9a08
ip: 203.87.187.254
firstlogin: 1461322972336.000000
lastlogin: 1461322972339.000000
...
