---
password: 5baa61e4c9b93f3f0682250b6cf8331b7ee68fd8
ip: 190.176.84.104
firstlogin: 1462288338264.000000
lastlogin: 1462288338267.000000
...
