---
password: 6027fd2d81cad921ec6f42cbc0f229a8bf94ede7
ip: 176.250.117.89
firstlogin: 1461825394851.000000
lastlogin: 1461825394853.000000
...
