---
password: 1c2b0d17c738509518ecc6efa233ee6c10e724f2
ip: 79.142.150.69
firstlogin: 1461385761375.000000
lastlogin: 1461385761386.000000
...
