---
password: 1c2b0d17c738509518ecc6efa233ee6c10e724f2
ip: 37.157.220.217
firstlogin: 1461297723518.000000
lastlogin: 1461380000192.000000
...
