---
password: 1c2b0d17c738509518ecc6efa233ee6c10e724f2
ip: 112.203.191.54
firstlogin: 1461546514296.000000
lastlogin: 1461546514298.000000
...
