---
password: 164756ae90c9c1bbed0ce98d33f9a9e4c24df3bd
ip: 152.238.109.252
firstlogin: 1461361176310.000000
lastlogin: 1461361176313.000000
...
