---
password: 1481488868e39d0d785865ae9c2cf3eee2dc0f62
ip: 88.243.131.153
firstlogin: 1461353550808.000000
lastlogin: 1461353550811.000000
...
