---
password: 1d2ef114318744a089f6e42f062ab1183b9d862f
ip: 194.228.13.158
firstlogin: 1461606130017.000000
lastlogin: 1461606130023.000000
...
