---
password: 32792349133033a4285de2b26214a5c851dd274f
ip: 98.204.206.148
firstlogin: 1461383487856.000000
lastlogin: 1461420940512.000000
...
