---
password: 0b7268ad01e1d599d2ad4cb2e6e98e8933731195
ip: 124.104.234.15
firstlogin: 1461297934552.000000
lastlogin: 1461297934556.000000
...
