---
password: 81b06facd90fe7a6e9bbd9cee59736a79105b7be
ip: 70.173.46.108
firstlogin: 1461282125434.000000
lastlogin: 1461282125436.000000
...
