---
password: 3326b9363f747a60c2e66d00837b263b3da86dda
ip: 189.176.128.239
firstlogin: 1462243301757.000000
lastlogin: 1462243301759.000000
...
