---
password: 5baa61e4c9b93f3f0682250b6cf8331b7ee68fd8
ip: 79.242.223.139
firstlogin: 1461305898433.000000
lastlogin: 1461305898437.000000
...
