---
password: 1c2b0d17c738509518ecc6efa233ee6c10e724f2
ip: 73.86.251.87
firstlogin: 1461000247892.000000
lastlogin: 1461420866981.000000
...
