---
password: 2e8c0277e396fabf683e56c8b7fa7e6dad68c679
ip: 98.165.136.148
firstlogin: 1461539367927.000000
lastlogin: 1461539367931.000000
...
