---
password: 5fa8177cb0b1db798bb669750632d54b08a78eb2
ip: 89.217.14.245
firstlogin: 1462621900512.000000
lastlogin: 1462621900514.000000
...
