---
password: 6677e7ba43ff2ef086b4e6d9e537649f38b7b25c
ip: 71.180.61.221
firstlogin: 1462036379849.000000
lastlogin: 1462055143600.000000
...
