---
password: 962cf775c3804f258be942331aaed83a0a52cd21
ip: 176.32.23.16
firstlogin: 1461966478708.000000
lastlogin: 1461966478718.000000
...
