---
password: 115add7c39295b6430ce54e3d2c52da62a9dd9ac
ip: 111.68.60.188
firstlogin: 1461420724938.000000
lastlogin: 1461420724949.000000
...
