---
password: 3b248ef9a1f4321756f4c9d3d900ba91525fb3f7
ip: 93.57.255.238
firstlogin: 1461268898888.000000
lastlogin: 1461268898891.000000
...
