---
password: 601f1889667efaebb33b8c12572835da3f027f78
ip: 95.186.156.232
firstlogin: 1460998433317.000000
lastlogin: 1460998433320.000000
...
