---
password: 5c9688a59f3fcbfdbfeea06378a76af06a09aa95
ip: 84.187.45.124
firstlogin: 1461349131022.000000
lastlogin: 1461349131025.000000
...
