---
password: 1c2b0d17c738509518ecc6efa233ee6c10e724f2
ip: 168.227.52.2
firstlogin: 1462501955447.000000
lastlogin: 1462501955449.000000
...
