---
password: 886a374b901d978129433deb1b1feef46a031e9e
ip: 85.138.26.118
firstlogin: 1461332521561.000000
lastlogin: 1461332521567.000000
...
