---
password: 4633fb42f633514fd3c7642ae5d00cf735d1bf31
ip: 79.49.229.22
firstlogin: 1461602439419.000000
lastlogin: 1461602439421.000000
...
