---
password: 01b307acba4f54f55aafc33bb06bbbf6ca803e9a
ip: 70.120.192.101
firstlogin: 1461001858053.000000
lastlogin: 1461002638685.000000
...
