---
password: 1c2b0d17c738509518ecc6efa233ee6c10e724f2
ip: 2.122.167.117
firstlogin: 1462642834109.000000
lastlogin: 1462642834118.000000
...
