---
password: 811a5014ba4259947c4c1c0f0e4063d764fdc36f
ip: 217.55.250.211
firstlogin: 1461326886127.000000
lastlogin: 1461326886129.000000
...
