---
password: 30c2df06f9994c82feba74061f40491a3255f33c
ip: 195.166.220.187
firstlogin: 1462727437813.000000
lastlogin: 1462727437824.000000
...
