---
password: 3962aa05ea7ab17b4e669335089c4a47c95bc996
ip: 112.198.103.150
firstlogin: 1460975503244.000000
lastlogin: 1461070309935.000000
...
