---
password: 7c4a8d09ca3762af61e59520943dc26494f8941b
ip: 5.12.86.169
firstlogin: 1461754500073.000000
lastlogin: 1461754500075.000000
...
