---
password: 8adcc3f19fc0752bbacf5225cb6adabed13574e3
ip: 95.233.204.115
firstlogin: 1460924918469.000000
lastlogin: 1460924918472.000000
...
