---
password: 1514b02065c0cb1129c1ec0fcf4fd261153662aa
ip: 189.186.94.159
firstlogin: 1461343121824.000000
lastlogin: 1461343121827.000000
...
