---
password: 0222936aa14f157c8b2183eb6920f0788de80991
ip: 108.24.95.202
firstlogin: 1462050982081.000000
lastlogin: 1462050982084.000000
...
