---
password: 43d17888cf6d60c09989404f364c947a5d43ee7b
ip: 79.50.71.151
firstlogin: 1462107822204.000000
lastlogin: 1462107822207.000000
...
