---
password: 6e4b63eb4ebf17d410e793ada7032274ea6a5bb3
ip: 49.144.255.165
firstlogin: 1461331342253.000000
lastlogin: 1461331342256.000000
...
