---
password: 2dfa3e6fcc71ca8c58bf4700e1ea7de3dd182b1d
ip: 68.0.134.243
firstlogin: 1461291969074.000000
lastlogin: 1461291969084.000000
...
