---
password: 58137b15e05e57cd84b1fa07414f0d69bde53f73
ip: 112.198.75.27
firstlogin: 1461300354619.000000
lastlogin: 1461300354622.000000
...
