---
password: 3fef218db5a6506e83a6e3a126c3f5c924c00208
ip: 190.105.128.194
firstlogin: 1461293737816.000000
lastlogin: 1461293737825.000000
...
