---
password: 123d870bded97ca6a04b0507244c29ed83a77e0b
ip: 116.121.36.166
firstlogin: 1461325739163.000000
lastlogin: 1461503550847.000000
...
