---
password: 2cddecceab1bb6263b0caa3b395355f0d8a584df
ip: 77.78.4.23
firstlogin: 1461267914639.000000
lastlogin: 1461353286769.000000
...
