---
password: 220a31725a58542d927cb0f2d52e6861a59ad8f8
ip: 66.87.30.192
firstlogin: 1461430128217.000000
lastlogin: 1461508432198.000000
...
