---
password: 3962aa05ea7ab17b4e669335089c4a47c95bc996
ip: 112.198.118.103
firstlogin: 1460907433605.000000
lastlogin: 1461508629160.000000
...
