---
password: 4805b3e7c7e25f15d37ef4f3074c71a1d467849a
ip: 173.66.130.238
firstlogin: 1462023533319.000000
lastlogin: 1462148915042.000000
...
