---
password: 8cb2237d0679ca88db6464eac60da96345513964
ip: 64.222.104.23
firstlogin: 1461277219620.000000
lastlogin: 1461277219622.000000
...
