---
password: 2036b76f91cc27849510bbd1cc411c9231c1e467
ip: 184.21.201.242
firstlogin: 1461288094327.000000
lastlogin: 1461288154408.000000
...
