---
password: 51621aa1f4501b41f0cf9318d2f2a0014a88fb09
ip: 90.203.13.235
firstlogin: 1462717614166.000000
lastlogin: 1462717614168.000000
...
