---
password: 589e353f1571fee2fc77c1c6b62f624d1e9f0863
ip: 172.98.86.86
firstlogin: 1461342490701.000000
lastlogin: 1461342490703.000000
...
