---
password: 7b31c521028a0b6c0efcf182f74f1e802df1c95d
ip: 24.150.65.15
firstlogin: 1462225786001.000000
lastlogin: 1462225786010.000000
...
