---
password: 93fe2a0f0b872be79c276dd3b7b3f1e7f40f00e9
ip: 130.105.230.171
firstlogin: 1462517963958.000000
lastlogin: 1462517963960.000000
...
