---
password: 30a4c7fd63fcb8365b3737804441252bdf86b2e6
ip: 31.18.214.16
firstlogin: 1460998156875.000000
lastlogin: 1460998156878.000000
...
