---
password: 1c2b0d17c738509518ecc6efa233ee6c10e724f2
ip: 61.6.230.155
firstlogin: 1461312488113.000000
lastlogin: 1461312488153.000000
...
