---
password: 53e1221ba2925884ec9e3b31dd7a9c4983b8c480
ip: 110.138.67.6
firstlogin: 1462714231141.000000
lastlogin: 1462714231146.000000
...
