---
password: 73bf8a32aef8e698b31b863535a615a0b5f7cfb4
ip: 186.223.204.189
firstlogin: 1462047257040.000000
lastlogin: 1462047257043.000000
...
