---
password: 8ed3a5465b12b1e3b2021c3bb812e803f03af800
ip: 84.188.142.218
firstlogin: 1461307093964.000000
lastlogin: 1461307093966.000000
...
