---
password: 68a2e0e703f5cd0ef2e3eca147467957147206d8
ip: 86.200.186.41
firstlogin: 1461607632602.000000
lastlogin: 1461607632604.000000
...
