---
password: 31e289df234f13146773f1b7d8bd4900ace8a4c3
ip: 190.47.117.161
firstlogin: 1462111681161.000000
lastlogin: 1462111681166.000000
...
