---
password: 7906584dac3bf64d2717f4893d51cb272c442b93
ip: 89.24.138.234
firstlogin: 1461326068061.000000
lastlogin: 1461387931089.000000
...
