---
password: 1c2b0d17c738509518ecc6efa233ee6c10e724f2
ip: 87.6.42.215
firstlogin: 1461314616403.000000
lastlogin: 1461317292641.000000
...
