---
password: 8eb03fc3f0b320b0a06ff07d7665d48abd6b7731
ip: 174.100.129.172
firstlogin: 1461268292523.000000
lastlogin: 1461268292532.000000
...
