---
password: 56fb528e081176e4c4f9ace6bbb3b4619cb7dbc3
ip: 97.95.142.164
firstlogin: 1460985660748.000000
lastlogin: 1460985660750.000000
...
