---
password: 0220a1e52237aa1679b05d1028c092113bdc041c
ip: 47.17.32.64
firstlogin: 1461426051902.000000
lastlogin: 1461426051911.000000
...
