---
password: 1eae42f5700c6c5d128789c20615f57e88fe27cd
ip: 67.84.8.117
firstlogin: 1461503604528.000000
lastlogin: 1461503604532.000000
...
