---
password: 562bffe6b3a055c572defbb9f08fc6528bff98cd
ip: 77.146.58.61
firstlogin: 1461271835821.000000
lastlogin: 1461271835824.000000
...
