---
password: 8764f90e5f3acc4a057f02340dc750a60e4cf5a5
ip: 208.163.177.251
firstlogin: 1461358427454.000000
lastlogin: 1461358427459.000000
...
