---
password: 14d3fa4870731864ad8413753fa79a4e9bb488d7
ip: 82.29.32.116
firstlogin: 1461357358003.000000
lastlogin: 1461357358005.000000
...
