---
password: 9e8ffd91db8ef668707242decf9e21d66306ecdc
ip: 93.38.10.174
firstlogin: 1461303640267.000000
lastlogin: 1461303640270.000000
...
