---
password: 1c2b0d17c738509518ecc6efa233ee6c10e724f2
ip: 187.189.209.242
firstlogin: 1461290387605.000000
lastlogin: 1461290387610.000000
...
