---
password: 18a98c35f49808b45edadc75fb1b25ebfd4037d6
ip: 86.121.113.21
firstlogin: 1461327846156.000000
lastlogin: 1461327846191.000000
...
