---
password: 35a0966a45af417c0372ab902db686284ef1f2a8
ip: 122.133.254.192
firstlogin: 1461342114610.000000
lastlogin: 1461762326356.000000
...
