---
password: 1c2b0d17c738509518ecc6efa233ee6c10e724f2
ip: 92.97.87.143
firstlogin: 1461270978769.000000
lastlogin: 1461270978772.000000
...
