---
password: 8fcd25a39d2037183044a8897e9a5333d727fded
ip: 37.53.89.86
firstlogin: 1461299055931.000000
lastlogin: 1461299055934.000000
...
