---
password: 17269a6fc39afe8d2b6c0ab1e692cbc51937da25
ip: 177.129.40.242
firstlogin: 1461368314514.000000
lastlogin: 1461503226375.000000
...
