---
password: 850d503c25275fdfb98822b964afa562bb2dda43
ip: 177.189.56.135
firstlogin: 1461421655711.000000
lastlogin: 1461421655717.000000
...
