---
password: 31d4c306ab5d1bd34d5f3cfc2bec3eea2d1ef2ff
ip: 177.13.234.39
firstlogin: 1461349235219.000000
lastlogin: 1461349235230.000000
...
