---
password: 454d341ad198d2287a784957114f7d87a2987ea8
ip: 118.136.59.97
firstlogin: 1461314087366.000000
lastlogin: 1462494493474.000000
...
