---
password: 4a9c33b4a08e2bf4e9606b132b9a9c4fa142980e
ip: 217.129.48.42
firstlogin: 1460975119994.000000
lastlogin: 1460975120004.000000
...
