---
password: 52a80ade98b95ece25ea02b17b2acafd04d75328
ip: 173.58.121.110
firstlogin: 1462237178350.000000
lastlogin: 1462237178353.000000
...
