---
password: 6a0a812788922e87b89a134947e62cf3477e336a
ip: 58.164.34.163
firstlogin: 1461287709284.000000
lastlogin: 1461362436208.000000
...
