---
password: 3030d942c8957d44037fc2c114c63c5eff542b35
ip: 191.32.34.188
firstlogin: 1461286911015.000000
lastlogin: 1461286911018.000000
...
