---
password: 54c275ecefbc2022d3889e40706c7d52e46e847b
ip: 212.34.20.30
firstlogin: 1461332506039.000000
lastlogin: 1461332506045.000000
...
