---
password: 8730d065fedacbca6c08d428e0f648d2ce36bb47
ip: 71.52.191.244
firstlogin: 1462027508264.000000
lastlogin: 1462027509685.000000
...
