---
password: 1c2b0d17c738509518ecc6efa233ee6c10e724f2
ip: 68.199.176.248
firstlogin: 1460908142161.000000
lastlogin: 1460908142163.000000
...
