---
password: 4ce19464c3a04360884b6040efda933c4f3cb542
ip: 201.26.88.214
firstlogin: 1461357020813.000000
lastlogin: 1461357020826.000000
...
