---
password: 1d707b393ac86140f6bd75bb86edf26e3d46d6e9
ip: 94.4.6.195
firstlogin: 1461386810173.000000
lastlogin: 1461386810176.000000
...
