---
password: 77c8a791c4bd0a457e50e674345f63fffd798ab5
ip: 108.240.127.35
firstlogin: 1461266055011.000000
lastlogin: 1461266055014.000000
...
