---
password: 731bfcda924cbdc2a6bbd36d35d6bca60918a676
ip: 193.165.82.254
firstlogin: 1461264875999.000000
lastlogin: 1461264876003.000000
...
