---
password: 623d23184a2c73fbdb1a0e60e6e1196bc0a5d946
ip: 172.196.102.146
firstlogin: 1461459327822.000000
lastlogin: 1461459327824.000000
...
