---
password: 29ad7504d2aabbaf177a328eda5c3a481b48d600
ip: 95.91.233.8
firstlogin: 1462545616195.000000
lastlogin: 1462545616203.000000
...
