---
password: 9a3fcd3282455161ec5ba8ea1985e49fa901d4c4
ip: 178.91.66.160
firstlogin: 1460999309050.000000
lastlogin: 1460999309059.000000
...
