---
password: 1c2b0d17c738509518ecc6efa233ee6c10e724f2
ip: 103.206.81.2
firstlogin: 1462077552636.000000
lastlogin: 1462077580866.000000
...
