---
password: 4f26aeafdb2367620a393c973eddbe8f8b846ebd
ip: 5.133.238.148
firstlogin: 1461329533444.000000
lastlogin: 1461329533446.000000
...
