---
password: 59106527aaffdef011d7a11671c6dacd45045f17
ip: 37.45.123.122
firstlogin: 1461420537127.000000
lastlogin: 1461420537135.000000
...
