---
password: 1c2b0d17c738509518ecc6efa233ee6c10e724f2
ip: 24.126.218.200
firstlogin: 1461724016721.000000
lastlogin: 1461724480034.000000
...
