---
password: 889d87156367211de09b7f9f12e8bf01094ef9a5
ip: 108.85.116.214
firstlogin: 1462228716777.000000
lastlogin: 1462228716785.000000
...
