---
password: 7c3669757543c44f8e082badd8552de6b3d0989d
ip: 82.197.210.117
firstlogin: 1461763620018.000000
lastlogin: 1461763620022.000000
...
