---
password: 2d7bee3d40ea02aa9e06eeae169708488cd7ef7a
ip: 113.52.98.132
firstlogin: 1461311915751.000000
lastlogin: 1461311915756.000000
...
