---
password: 3e364029f67847b380a929c24ac37705f818e3d4
ip: 81.241.126.88
firstlogin: 1462116771186.000000
lastlogin: 1462116771189.000000
...
