---
password: 1e790f2b8e017f461c6fc978e78d4268567aa86c
ip: 72.183.236.154
firstlogin: 1461285423429.000000
lastlogin: 1461285423432.000000
...
