---
password: 7ef4c1403ee356a44666d5ca6449a13648e7cee9
ip: 109.76.216.86
firstlogin: 1461268237393.000000
lastlogin: 1461268237401.000000
...
