---
password: 45eb63919350ec61e6b5fd9cea793fb1e7f7eb15
ip: 87.178.50.76
firstlogin: 1460916892502.000000
lastlogin: 1461262728698.000000
...
