---
password: 5ed8e4f823d8c31f6dafbee37ae0dd39c8c05263
ip: 72.27.145.15
firstlogin: 1462111487113.000000
lastlogin: 1462111487116.000000
...
