---
password: 85d8d76ba15bde3ef1602f477f32fd64e32fea5a
ip: 23.116.84.217
firstlogin: 1461719808781.000000
lastlogin: 1461719808784.000000
...
