---
password: 5f894db016f93cf9e23f73672e0cf2192d2e86f1
ip: 200.141.124.30
firstlogin: 1461363764402.000000
lastlogin: 1461363764404.000000
...
