---
password: 41f5a6310ae1ed0309ef28be207a59029ebb8ebb
ip: 78.195.3.19
firstlogin: 1461342692509.000000
lastlogin: 1461342692511.000000
...
