---
password: 765b0102e5815baba6fa493c8b064885ba4d726d
ip: 177.248.131.40
firstlogin: 1461291700378.000000
lastlogin: 1461291700380.000000
...
