---
password: 1be9c472235c287e844a19a1c392c5d4c880408d
ip: 93.55.83.238
firstlogin: 1462118845208.000000
lastlogin: 1462629412150.000000
...
