---
password: 841935e1ecb1a09aa7c0cf551d23ebf57fa0239e
ip: 88.110.128.43
firstlogin: 1462625346625.000000
lastlogin: 1462625346627.000000
...
