---
password: 318ed3a989ae1629c32476462a5b1b54cf737875
ip: 88.253.137.99
firstlogin: 1461346549681.000000
lastlogin: 1461346549685.000000
...
