---
password: 81580829259f59465d2da4667bfcf88e06257547
ip: 93.44.99.229
firstlogin: 1461338185011.000000
lastlogin: 1461338185013.000000
...
