---
password: 40ad2a63edbf32d887cc6e4272b5533f81da981e
ip: 68.61.43.155
firstlogin: 1461379147873.000000
lastlogin: 1461430504885.000000
...
