---
password: 1c2b0d17c738509518ecc6efa233ee6c10e724f2
ip: 188.29.165.67
firstlogin: 1461004552384.000000
lastlogin: 1461521458077.000000
...
