---
password: 9e16e54f630f0a0be1e151dfbfea1c65dc95711f
ip: 104.7.56.193
firstlogin: 1462052797547.000000
lastlogin: 1462052797550.000000
...
