---
password: 82307a0c231145e55f3ef590388ef5c06bee765b
ip: 181.161.152.196
firstlogin: 1461276933344.000000
lastlogin: 1461276933349.000000
...
