---
password: 75b0aa5f60be1883fb44572fed1d48b9c71fa342
ip: 177.85.72.198
firstlogin: 1461716478076.000000
lastlogin: 1461716478084.000000
...
