---
password: 624c22a8c8f8c93f18fe5ecd4713100c8d754507
ip: 178.3.120.114
firstlogin: 1462626647565.000000
lastlogin: 1462626647568.000000
...
