---
password: 277f3c7f78c5625e9024643c34e1015117246025
ip: 179.7.122.90
firstlogin: 1461307058163.000000
lastlogin: 1461822179754.000000
...
