---
password: 1c2b0d17c738509518ecc6efa233ee6c10e724f2
ip: 79.66.192.255
firstlogin: 1461867211441.000000
lastlogin: 1461867211445.000000
...
