---
password: 17a3e48bce37be5226490e750202ad3a9a1a3fe9
ip: 115.64.107.137
firstlogin: 1461386938404.000000
lastlogin: 1461386938407.000000
...
