---
password: 2b8cd5c392611aa0650ccabd373751ee7ef39e47
ip: 91.79.146.171
firstlogin: 1461325190253.000000
lastlogin: 1461325190270.000000
...
