---
password: 81ce35397884c324f78c0b5e1bf45f163f9330ee
ip: 68.13.3.59
firstlogin: 1461274251436.000000
lastlogin: 1461274251439.000000
...
