---
password: 00ff3ce228bac8bda7cdd3402826a5e90d41d71e
ip: 74.78.239.197
firstlogin: 1461784648475.000000
lastlogin: 1461784648477.000000
...
