---
password: 75004f149038473757da0be07ef76dd4a9bdbc8d
ip: 187.175.81.212
firstlogin: 1462233383005.000000
lastlogin: 1462233383015.000000
...
