---
password: 2d7651e0bb2c34e67a2dd296d94d7b81ef7bf459
ip: 162.238.97.87
firstlogin: 1460918034872.000000
lastlogin: 1460918034874.000000
...
