---
password: 8e4262e1d7e345851362ea6a41d3f0e59ce072e4
ip: 188.208.139.92
firstlogin: 1461329103649.000000
lastlogin: 1461329103654.000000
...
