---
password: 1ecabfac73b9d877ad993347725b92765640f305
ip: 177.42.156.41
firstlogin: 1461263808919.000000
lastlogin: 1461263808928.000000
...
