---
password: 0d9343e412e6547d54a2e0236278b685c5dec1a6
ip: 162.196.143.243
firstlogin: 1460917132458.000000
lastlogin: 1460917132460.000000
...
