---
password: 92ba51f61ac4169e099fe2e2669eca531a6c5258
ip: 85.254.79.150
firstlogin: 1461314353574.000000
lastlogin: 1461314353577.000000
...
