---
password: 030b8cbd920b8915cb8741c40a931e6c4755915b
ip: 174.111.4.213
firstlogin: 1462495531820.000000
lastlogin: 1462495531829.000000
...
