---
password: 1badaff4a27a18267ed800b0277943bbc65b7b8f
ip: 78.146.148.246
firstlogin: 1461353160798.000000
lastlogin: 1461353160800.000000
...
