---
password: 0370006d0f13a150c4a4b8f9789f1838684dc847
ip: 179.61.100.171
firstlogin: 1461352989446.000000
lastlogin: 1461352989449.000000
...
