---
password: 8100fdc54663a2259783d778a58538355d63bcd0
ip: 189.74.115.148
firstlogin: 1461355312879.000000
lastlogin: 1461355312882.000000
...
