---
password: 92879d13fdae514596c9c4ff920b96f5e9bef1c4
ip: 76.178.71.198
firstlogin: 1462158056790.000000
lastlogin: 1462158056792.000000
...
