---
password: 104bde9b77ec4e76348c2d9db673d8dbf34ce0b1
ip: 92.237.139.73
firstlogin: 1460923644764.000000
lastlogin: 1462116358655.000000
...
