---
password: 1c2b0d17c738509518ecc6efa233ee6c10e724f2
ip: 68.191.100.202
firstlogin: 1460975082614.000000
lastlogin: 1460975088878.000000
...
