---
password: 086a952848445297d9f8c2252f8082eec492b56a
ip: 189.11.185.196
firstlogin: 1461721701346.000000
lastlogin: 1461721701348.000000
...
