---
password: 57c0bae421303397714f05ce55b5ee20bca10016
ip: 217.196.213.178
firstlogin: 1461327272600.000000
lastlogin: 1461327272607.000000
...
