---
password: 76c4b27abe29e71aa18c357b863229367cf44af1
ip: 188.82.142.40
firstlogin: 1461265130487.000000
lastlogin: 1461265130492.000000
...
