---
password: 246810b8caf5c4ff423507b6c82cd1a7599da882
ip: 101.179.102.230
firstlogin: 1462141274489.000000
lastlogin: 1462141274498.000000
...
