---
password: 7c4a8d09ca3762af61e59520943dc26494f8941b
ip: 177.143.170.140
firstlogin: 1461290376201.000000
lastlogin: 1461292272240.000000
...
