---
password: 55d06b57ab4bccbfc6592375a9f5524fe47fae12
ip: 67.186.53.6
firstlogin: 1461818599477.000000
lastlogin: 1461818599485.000000
...
