---
password: 4bdcecbb89ff3f87667e23263b0067b05aad0d31
ip: 171.99.231.244
firstlogin: 1460970153497.000000
lastlogin: 1462069403500.000000
...
