---
password: 7606aafc3dc70103661e769a00c135447a83b4af
ip: 107.192.228.238
firstlogin: 1460831686646.000000
lastlogin: 1460831686648.000000
...
