---
password: 72ca9294b770f0fbec3ede4afaf50ff94ae8740f
ip: 50.141.105.49
firstlogin: 1461278960608.000000
lastlogin: 1461278960624.000000
...
