---
password: 0ac203e8099afbd16f5936e4d4c3f9eed7883e10
ip: 94.222.17.229
firstlogin: 1461268058471.000000
lastlogin: 1461324882097.000000
...
