---
password: 8e2bb77cb0cb377f696460bab665f7866ab91a19
ip: 94.59.40.92
firstlogin: 1461336431898.000000
lastlogin: 1461336431901.000000
...
