---
password: 32c5ec76dffe7c62376d54f2b02001d8588ab472
ip: 189.13.205.234
firstlogin: 1462026686210.000000
lastlogin: 1462026686215.000000
...
