---
password: 6270feb25a00a588bca2b539ade96652ee6cfb82
ip: 66.220.114.79
firstlogin: 1462492136173.000000
lastlogin: 1462492136177.000000
...
