---
password: 30b2c683adaaacdc495fa265cc9c03cfae4bc4e1
ip: 94.192.78.67
firstlogin: 1460999604510.000000
lastlogin: 1460999604513.000000
...
