---
password: 1c2b0d17c738509518ecc6efa233ee6c10e724f2
ip: 92.0.78.206
firstlogin: 1461960893603.000000
lastlogin: 1461960893605.000000
...
