---
password: 69eb167345c98ca37d702a49f5c6044c1d1941f3
ip: 77.210.155.41
firstlogin: 1461426663271.000000
lastlogin: 1461426663288.000000
...
