---
password: 9c4cefdadbae8d11ad96ac92653861c243cee37d
ip: 107.128.210.224
firstlogin: 1461283958488.000000
lastlogin: 1462681966545.000000
...
