---
password: 606563a6fa524c4122b2fd5538cb57ff1aff1fc0
ip: 92.243.103.230
firstlogin: 1461345950473.000000
lastlogin: 1461345950479.000000
...
