---
password: 1c2b0d17c738509518ecc6efa233ee6c10e724f2
ip: 66.239.58.200
firstlogin: 1461295020531.000000
lastlogin: 1461979952187.000000
...
