---
password: 1c2b0d17c738509518ecc6efa233ee6c10e724f2
ip: 103.47.132.32
firstlogin: 1460962816628.000000
lastlogin: 1460962816630.000000
...
