---
password: 58e12fb228a446059385d16d76fcea8e55803537
ip: 72.200.175.228
firstlogin: 1461362423145.000000
lastlogin: 1461362423155.000000
...
