---
password: 35f0ebe128b4d75ac98ad62007828c9c7bf5e5f0
ip: 95.94.50.227
firstlogin: 1461355290649.000000
lastlogin: 1461355290652.000000
...
