---
password: 5176151aa0045c6714d25aaa2ebbd80177e30b99
ip: 108.81.192.214
firstlogin: 1461717004273.000000
lastlogin: 1461717004276.000000
...
