---
password: 3a7eab7508ca5bd638e99bed5cbe84ce5bea615e
ip: 112.203.216.102
firstlogin: 1462329546459.000000
lastlogin: 1462329546461.000000
...
