---
password: 85f940c72d551ab70c79a22134a14dc2838d31ab
ip: 112.198.75.120
firstlogin: 1460998511396.000000
lastlogin: 1461024094402.000000
...
