---
password: 44ef6ae7dc573970bf8ae3c5a8744e4587bf8ebc
ip: 153.249.153.53
firstlogin: 1461284744745.000000
lastlogin: 1461284744748.000000
...
