---
password: 77a5f2b820983ce006fa2dd3b282914b23baa6d9
ip: 172.58.105.46
firstlogin: 1461339435685.000000
lastlogin: 1461339435687.000000
...
