---
password: 14e2b69c161d44cf63dfae10d2a618c6e8583843
ip: 96.245.58.109
firstlogin: 1461271274526.000000
lastlogin: 1461355833391.000000
...
