---
password: 64b1b9f36607ff04be7ef6e88e416b54c557d713
ip: 71.173.145.188
firstlogin: 1461358480551.000000
lastlogin: 1461358480556.000000
...
