---
password: 2f680fa40677cf360918d8b7b1169b51a1b6a6a0
ip: 121.54.58.157
firstlogin: 1462618454887.000000
lastlogin: 1462618454889.000000
...
