---
password: 2b225155eb9153b0925d57727fdbd3ab70a6c202
ip: 24.90.32.12
firstlogin: 1461789150395.000000
lastlogin: 1461789150397.000000
...
