---
password: 1c2b0d17c738509518ecc6efa233ee6c10e724f2
ip: 86.99.170.153
firstlogin: 1461913174286.000000
lastlogin: 1461913174295.000000
...
