---
password: 0ccdfa0cbd60b42666a0267ff71742fd3a4ac4a2
ip: 178.220.181.79
firstlogin: 1461349595680.000000
lastlogin: 1461349595682.000000
...
