---
password: 87fe427c61f665e13c20f16c87dcb4aa9cdeb4b4
ip: 185.97.67.46
firstlogin: 1461349295913.000000
lastlogin: 1461349295917.000000
...
