---
password: 7c4a8d09ca3762af61e59520943dc26494f8941b
ip: 176.44.55.228
firstlogin: 1461267748766.000000
lastlogin: 1461276881685.000000
...
