---
password: 6ec052945c2d30749ccf9b6923ec81b098af6962
ip: 5.172.234.241
firstlogin: 1460998908301.000000
lastlogin: 1460998908304.000000
...
