---
password: 6f9aa2018adb7f56dbc6165289bc4f292d6317b0
ip: 188.120.212.40
firstlogin: 1462346777627.000000
lastlogin: 1462346777633.000000
...
