---
password: 3da267c80b72de10f2784a316175a6440ebff129
ip: 195.218.183.182
firstlogin: 1461339718814.000000
lastlogin: 1461339718824.000000
...
