---
password: 5390ba1f7cd992c0aacf4b1c1f841c861f4e6929
ip: 109.45.2.181
firstlogin: 1461000238177.000000
lastlogin: 1461000238182.000000
...
