---
password: 691696d672e2d354d609954cd8eaa146c9acdea0
ip: 188.48.234.211
firstlogin: 1461293316432.000000
lastlogin: 1461293409404.000000
...
