---
password: 91fe64146fe03df3d2cd5ec68f6af24744c83332
ip: 62.84.50.6
firstlogin: 1461304130794.000000
lastlogin: 1461304130797.000000
...
