---
password: 271e9a568c0e9e562431ccb1f5da3422162de7b8
ip: 24.54.101.49
firstlogin: 1461280860925.000000
lastlogin: 1461280860927.000000
...
