---
password: 93ef5dde44b5cb1d8f3795982ee918c64b7114f6
ip: 86.215.143.145
firstlogin: 1462700158639.000000
lastlogin: 1462700158641.000000
...
