---
password: 52d3a7c8835b572bf719c5ec4829f3abeec9db8d
ip: 71.169.159.94
firstlogin: 1461517155329.000000
lastlogin: 1461517155332.000000
...
