---
password: 0d8768dd7b528934ac70982c76dd039f82b1307e
ip: 176.250.32.57
firstlogin: 1461347702101.000000
lastlogin: 1461519033274.000000
...
