---
password: 5c9688a59f3fcbfdbfeea06378a76af06a09aa95
ip: 93.217.89.200
firstlogin: 1461272447002.000000
lastlogin: 1461272447005.000000
...
