---
password: 41081c24d6f8c7d277b4a7f0f8df1f91db0728ca
ip: 46.229.226.150
firstlogin: 1461347642819.000000
lastlogin: 1461347642822.000000
...
