---
password: 0f85d55f03e24beebf29aa28050587a8e1db7eef
ip: 50.5.171.253
firstlogin: 1460988529618.000000
lastlogin: 1460988529623.000000
...
