---
password: 7c222fb2927d828af22f592134e8932480637c0d
ip: 49.49.200.120
firstlogin: 1460977534498.000000
lastlogin: 1460977534500.000000
...
