---
password: 25e2e96d090b667152498d6e321690788c53a9f6
ip: 75.140.176.142
firstlogin: 1461322054000.000000
lastlogin: 1461322054003.000000
...
