---
password: 8cb2237d0679ca88db6464eac60da96345513964
ip: 176.212.255.75
firstlogin: 1461271977457.000000
lastlogin: 1461345330184.000000
...
