---
password: 5aad372dccaa6512e16fe6f7c7c1effd6ce17e22
ip: 31.148.254.182
firstlogin: 1461420335047.000000
lastlogin: 1461420335050.000000
...
