---
password: 7c222fb2927d828af22f592134e8932480637c0d
ip: 95.139.112.230
firstlogin: 1461340367359.000000
lastlogin: 1461340367362.000000
...
