---
password: 44bd9eb87836abc1a5ef5a094493d1cfcf383e6d
ip: 85.117.115.70
firstlogin: 1461340958368.000000
lastlogin: 1461340958371.000000
...
