---
password: 1f4a04e5543d8760660bb080226040b987b88d47
ip: 31.42.233.93
firstlogin: 1461328223373.000000
lastlogin: 1461328223376.000000
...
