---
password: 1f5523a8f535289b3401b29958d01b2966ed61d2
ip: 134.196.8.133
firstlogin: 1461587943051.000000
lastlogin: 1461587943062.000000
...
