---
password: 8db8e82871b171503838dd6a2aac03d7ad9a69d6
ip: 98.200.173.75
firstlogin: 1460923032610.000000
lastlogin: 1460992801325.000000
...
