---
password: 6216f8a75fd5bb3d5f22b6f9958cdede3fc086c2
ip: 36.85.184.189
firstlogin: 1461300141944.000000
lastlogin: 1461300141946.000000
...
