---
password: 566ef5a26dadd3f5f1c5b1398875bc4c12efc48f
ip: 101.180.59.82
firstlogin: 1461741829020.000000
lastlogin: 1461741829023.000000
...
