---
password: 4451ae61c3ab2352fd7c2c4e5b7dde09fac93fff
ip: 98.166.20.161
firstlogin: 1461262217349.000000
lastlogin: 1461262217352.000000
...
