---
password: 15ad694526f9975a4d05ae470f4a99500cdb6588
ip: 125.212.122.111
firstlogin: 1461513158747.000000
lastlogin: 1461513158749.000000
...
