---
password: 49c416e99a68ffa2e089667eb526654f4fda9eeb
ip: 206.54.119.79
firstlogin: 1462594981323.000000
lastlogin: 1462594996024.000000
...
