---
password: 79286855d83b7dedf84473698c5865e0760b3419
ip: 112.198.75.17
firstlogin: 1462614744787.000000
lastlogin: 1462614744790.000000
...
