---
password: 73cd5df0f0655c4cff020c56fc7e29973b2b7377
ip: 91.244.81.208
firstlogin: 1461330975251.000000
lastlogin: 1461330975254.000000
...
