---
password: 50660fd638cd523d820ddf05f9d6231e00e140c8
ip: 74.242.175.165
firstlogin: 1462490684812.000000
lastlogin: 1462490684822.000000
...
