---
password: 0454df0b1bb275aa465b968791989ea4176765c4
ip: 31.2.111.6
firstlogin: 1461325122035.000000
lastlogin: 1461325122038.000000
...
