---
password: 46e3d772a1888eadff26c7ada47fd7502d796e07
ip: 73.12.109.45
firstlogin: 1461265368621.000000
lastlogin: 1461265368623.000000
...
