---
password: 2ca158c1d632a333600abd8887c62b7731f26ae1
ip: 109.251.226.216
firstlogin: 1461326630511.000000
lastlogin: 1461326630513.000000
...
