---
password: 1c2b0d17c738509518ecc6efa233ee6c10e724f2
ip: 100.11.159.206
firstlogin: 1460921429252.000000
lastlogin: 1460921429255.000000
...
