---
password: 05726987870c7b9c0e768d3c9d387453419822d3
ip: 92.235.44.100
firstlogin: 1461443097906.000000
lastlogin: 1462005615684.000000
...
