---
password: 01b307acba4f54f55aafc33bb06bbbf6ca803e9a
ip: 77.106.235.16
firstlogin: 1461333418273.000000
lastlogin: 1461333418281.000000
...
