---
password: 77a5f2b820983ce006fa2dd3b282914b23baa6d9
ip: 202.62.17.53
firstlogin: 1462139362461.000000
lastlogin: 1462139362464.000000
...
