---
password: 0e8c66ade468f0605cea523832b6dc9625296f8e
ip: 31.47.104.1
firstlogin: 1461352449544.000000
lastlogin: 1461352449552.000000
...
