---
password: 1c2b0d17c738509518ecc6efa233ee6c10e724f2
ip: 208.101.202.33
firstlogin: 1461011286629.000000
lastlogin: 1461011286633.000000
...
