---
password: 097bc8a649ef406508a9ce84c15b850f913bd5f5
ip: 65.31.50.45
firstlogin: 1461382133427.000000
lastlogin: 1461382133434.000000
...
