---
password: 73fcba5045ec11351c5e5c3c92a7b9b070e4808d
ip: 70.178.141.61
firstlogin: 1461265847250.000000
lastlogin: 1461265847252.000000
...
