---
password: 9b0c361dd6c4fb62b1d28ec9023097645d59194b
ip: 76.124.21.127
firstlogin: 1461607714161.000000
lastlogin: 1461607714163.000000
...
