---
password: 4dc232a068e53e424c7b68475d8be11b0252c183
ip: 99.249.36.3
firstlogin: 1462118438780.000000
lastlogin: 1462118438782.000000
...
