---
password: 5880bb84dadfd2318acfd5a520255cd2466465ac
ip: 105.226.44.62
firstlogin: 1460995768503.000000
lastlogin: 1461420471354.000000
...
