---
password: 9c292f89c6202748cc987c71818aa059f10d65ff
ip: 90.77.164.178
firstlogin: 1462630377289.000000
lastlogin: 1462630377297.000000
...
