---
password: 895b317c76b8e504c2fb32dbb4420178f60ce321
ip: 187.19.221.154
firstlogin: 1461370076803.000000
lastlogin: 1461370076807.000000
...
