---
password: 23416381f7c6e92d932f3d14cda93472bc6d9c56
ip: 190.30.73.101
firstlogin: 1460910319517.000000
lastlogin: 1461768851124.000000
...
