---
password: 3d9128fb024eff2a0ea8be2cadcd96522f1af53e
ip: 191.209.19.133
firstlogin: 1461292385241.000000
lastlogin: 1461292385243.000000
...
