---
password: 95794aafdc616a663ec81bee7675a639278f3aa3
ip: 5.156.238.230
firstlogin: 1461310480508.000000
lastlogin: 1461310480511.000000
...
