---
password: 9aaa3b65c6306f33d7890719206576815775b9ed
ip: 176.254.65.145
firstlogin: 1461607783778.000000
lastlogin: 1461607783780.000000
...
