---
password: 20beed61f5d64368b9aba66e91a1d2a090a0d4ae
ip: 187.148.89.176
firstlogin: 1461254019571.000000
lastlogin: 1461254025221.000000
...
