---
password: 836b89291ce8f66329ea7b07cf30b7a23178ca20
ip: 96.252.149.58
firstlogin: 1462650572312.000000
lastlogin: 1462650572315.000000
...
