---
password: 1be7d58960d25839168bdb0ac2a36cf2bad08418
ip: 176.111.83.99
firstlogin: 1461333321345.000000
lastlogin: 1461333321348.000000
...
