---
password: 1c2b0d17c738509518ecc6efa233ee6c10e724f2
ip: 73.225.40.130
firstlogin: 1462157050765.000000
lastlogin: 1462157050768.000000
...
