---
password: 24f5ed1cb9b0c763e9dd5454628b92a54fd7e476
ip: 201.20.82.242
firstlogin: 1461372562261.000000
lastlogin: 1461372562264.000000
...
