---
password: 909f8258a6633bd82307d09fe68d003683aa9923
ip: 198.255.147.227
firstlogin: 1461270413966.000000
lastlogin: 1461816349109.000000
...
