---
password: 2520e884c3db6fe7d4a46a32f0fdd22e57d82b56
ip: 202.65.113.82
firstlogin: 1461504876846.000000
lastlogin: 1461504876861.000000
...
