---
password: 38c64a358c730ed03221dc3ad3e5e3a5ab6eb479
ip: 177.80.137.172
firstlogin: 1461361851132.000000
lastlogin: 1461361851135.000000
...
