---
password: 9f4c7588c2986049b31daa642a33c49663c96ef9
ip: 94.254.231.17
firstlogin: 1461305880304.000000
lastlogin: 1461305880307.000000
...
