---
password: 2b39626d6d57cb426a5c75e3487ee85150525d1c
ip: 81.159.11.58
firstlogin: 1461267286247.000000
lastlogin: 1461267286251.000000
...
