---
password: 5baa61e4c9b93f3f0682250b6cf8331b7ee68fd8
ip: 65.100.26.75
firstlogin: 1461714106262.000000
lastlogin: 1461714106272.000000
...
