---
password: 5baa61e4c9b93f3f0682250b6cf8331b7ee68fd8
ip: 63.231.118.7
firstlogin: 1461282541480.000000
lastlogin: 1461368712473.000000
...
