---
password: 5cf691412b558f55f06c614d89335c99613a89a9
ip: 188.49.139.116
firstlogin: 1461344604698.000000
lastlogin: 1461344604701.000000
...
