---
password: 3d9128fb024eff2a0ea8be2cadcd96522f1af53e
ip: 191.222.62.127
firstlogin: 1462586706858.000000
lastlogin: 1462586706866.000000
...
