---
password: 3527d73efe7cf0c6e9c6df708149482d77db124b
ip: 178.76.231.60
firstlogin: 1461002575541.000000
lastlogin: 1461775529891.000000
...
