---
password: 593043acd4dad0bbb132319a0c1b380c4e2fa197
ip: 171.96.244.187
firstlogin: 1461384128034.000000
lastlogin: 1461384128036.000000
...
