---
password: 86270d3b91f924e9a304532b8d10872ed7e30cdd
ip: 66.87.114.44
firstlogin: 1461278148681.000000
lastlogin: 1461278148684.000000
...
