---
password: 18a98c35f49808b45edadc75fb1b25ebfd4037d6
ip: 201.43.214.174
firstlogin: 1461288602408.000000
lastlogin: 1461288602410.000000
...
