---
password: 78f3842f0201c993fec13905f2ff9ec3fdd39056
ip: 68.196.36.164
firstlogin: 1462653643957.000000
lastlogin: 1462653643967.000000
...
