---
password: 5823a8e0c1194577b76f736ee63284f1d30a30d8
ip: 87.8.181.121
firstlogin: 1461353434040.000000
lastlogin: 1461353434045.000000
...
