---
password: 37510a3cba8e287c7feabce59d954ccde2eb7a78
ip: 199.21.196.249
firstlogin: 1462725976000.000000
lastlogin: 1462725976003.000000
...
