---
password: 1f5bb55162f0f1dc835fe6747141da45461ee1f5
ip: 116.100.128.77
firstlogin: 1461335351895.000000
lastlogin: 1461335351906.000000
...
