---
password: 150c3b63c3116a3995c49c1ad0dee71799609752
ip: 201.151.181.56
firstlogin: 1461271566886.000000
lastlogin: 1461271566888.000000
...
