---
password: 6df359cd9aa491e844557a3a291852616f9511b0
ip: 71.17.69.243
firstlogin: 1462585801924.000000
lastlogin: 1462585801933.000000
...
