---
password: 602c57ffb51af99d6f3b54c0ee9587bb110fb990
ip: 86.7.231.163
firstlogin: 1461006030483.000000
lastlogin: 1461006044313.000000
...
