---
password: 21535d413d759c132cfae87be1004a9f751e7017
ip: 45.47.185.236
firstlogin: 1462620490129.000000
lastlogin: 1462621472579.000000
...
