---
password: 1659814fcd2a43cce2f80051c6d76e6fc643101e
ip: 207.144.119.13
firstlogin: 1461282227585.000000
lastlogin: 1461282227587.000000
...
