---
password: 9332e3822468d17113a47b8b0efaaadfb3c6642b
ip: 187.112.15.205
firstlogin: 1461336704340.000000
lastlogin: 1461336704345.000000
...
