---
password: 468ad4f4fc57f018a874a80831bdf04439042496
ip: 71.231.75.213
firstlogin: 1461897837911.000000
lastlogin: 1462583252566.000000
...
