---
password: 8e8369b69b8985865a0d257322fb397286eae4d1
ip: 121.211.241.17
firstlogin: 1460940986604.000000
lastlogin: 1461802380893.000000
...
