---
password: 6ecd4d0c990fd799cf2a282aa7c71d349b01b559
ip: 187.126.57.158
firstlogin: 1461372295389.000000
lastlogin: 1461372295397.000000
...
