---
password: 922c0ea5c5a398f2399455ab5d810f37fa0326b6
ip: 188.235.147.43
firstlogin: 1461000228100.000000
lastlogin: 1461000228103.000000
...
