---
password: 7c4a8d09ca3762af61e59520943dc26494f8941b
ip: 188.232.11.81
firstlogin: 1461264260833.000000
lastlogin: 1461264260843.000000
...
