---
password: 3aa61ae00d57c322cc6c3efe919a12a44be121bd
ip: 175.136.125.119
firstlogin: 1461420567985.000000
lastlogin: 1461420567991.000000
...
