---
password: 9dda57125be6111623cfc3faf107ae343ceac932
ip: 79.21.2.170
firstlogin: 1461263953479.000000
lastlogin: 1461263954021.000000
...
