---
password: 601f1889667efaebb33b8c12572835da3f027f78
ip: 178.129.94.129
firstlogin: 1461320196229.000000
lastlogin: 1461320196232.000000
...
