---
password: 6b8bb723734c9bdb8ee0629795cf1442fd85cb76
ip: 76.251.198.86
firstlogin: 1462728697107.000000
lastlogin: 1462728697114.000000
...
