---
password: 1f6ccd2be75f1cc94a22a773eea8f8aeb5c68217
ip: 177.238.42.186
firstlogin: 1461270878063.000000
lastlogin: 1461270878066.000000
...
