---
password: 5b1fb5cdf698065a8aad0214a57d76fa44c7c6b6
ip: 186.244.173.90
firstlogin: 1461000368921.000000
lastlogin: 1461000368923.000000
...
