---
password: 13a2828b3adecc1c32ea3888d08afa51e147b3f3
ip: 95.58.32.79
firstlogin: 1461322678763.000000
lastlogin: 1461322678771.000000
...
