---
password: 7e844be32c7f216704e77ddaac93fbe3e2cdddc8
ip: 82.207.58.230
firstlogin: 1461349296805.000000
lastlogin: 1461349296809.000000
...
