---
password: 0a6a7ff5d0fd16c4af7f8b14ccad147fe1b9d46d
ip: 71.45.55.28
firstlogin: 1460935934163.000000
lastlogin: 1462034521068.000000
...
