---
password: 4e5b041bcee300ebb552475d9feaee17e4682c7c
ip: 177.207.1.224
firstlogin: 1461322691410.000000
lastlogin: 1461322691415.000000
...
