---
password: 05987c509ce12da20e3b9d498420981f83f0386a
ip: 201.52.19.113
firstlogin: 1461350507799.000000
lastlogin: 1461350507808.000000
...
