---
password: 8f834ed878408841fb0e71d6cf46af6e9a113604
ip: 70.75.94.98
firstlogin: 1461433450493.000000
lastlogin: 1461433450501.000000
...
