---
password: 5e6085f0d0650d2e226889d52855f0864a061651
ip: 77.194.80.40
firstlogin: 1461346248007.000000
lastlogin: 1461346248012.000000
...
