---
password: 5aba34e8271e465e32f088613d50aa70c2c1dc39
ip: 180.191.113.104
firstlogin: 1461330464727.000000
lastlogin: 1461330464729.000000
...
