---
password: 160400f6adba0eaace8028e7f66165edea37591c
ip: 108.219.247.70
firstlogin: 1461280579585.000000
lastlogin: 1461280579587.000000
...
