---
password: 474272c08d67b4a95cde496dbd0f17b30a8199a7
ip: 70.113.96.114
firstlogin: 1462142730101.000000
lastlogin: 1462142730106.000000
...
