---
password: 6040d9ba0dfe8fc8b79a351eae289ea9531ace9f
ip: 124.106.138.216
firstlogin: 1461301709755.000000
lastlogin: 1461301709766.000000
...
