---
password: 162b0f197172c96ce75898853d7bf7223545511e
ip: 109.152.63.149
firstlogin: 1461368301431.000000
lastlogin: 1461424519029.000000
...
