---
password: 992b63b8b5ddffb4363969bd8e42e00671eabab4
ip: 41.253.60.82
firstlogin: 1461315550251.000000
lastlogin: 1461315550257.000000
...
