---
password: 88c301520461ea3c66e9bf8116d9d529863194ef
ip: 192.182.206.204
firstlogin: 1461371487596.000000
lastlogin: 1461455990562.000000
...
