---
password: 1c2b0d17c738509518ecc6efa233ee6c10e724f2
ip: 86.88.34.70
firstlogin: 1461350185736.000000
lastlogin: 1461350185740.000000
...
