---
password: 595441c4505773e29fd5d51ee221f18572d7284d
ip: 217.35.224.114
firstlogin: 1462188907290.000000
lastlogin: 1462188907293.000000
...
