---
password: 09f655f960f478a2e424ebfd0c062590d1021ed6
ip: 104.153.128.67
firstlogin: 1461373136834.000000
lastlogin: 1461373136836.000000
...
