---
password: 5baa61e4c9b93f3f0682250b6cf8331b7ee68fd8
ip: 27.32.108.94
firstlogin: 1461274024679.000000
lastlogin: 1461274024683.000000
...
