---
password: 1c2b0d17c738509518ecc6efa233ee6c10e724f2
ip: 49.145.206.18
firstlogin: 1461372770653.000000
lastlogin: 1461372770656.000000
...
