---
password: 1c2b0d17c738509518ecc6efa233ee6c10e724f2
ip: 79.83.187.2
firstlogin: 1462004137526.000000
lastlogin: 1462004137528.000000
...
