---
password: 20eabe5d64b0e216796e834f52d61fd0b70332fc
ip: 182.53.139.254
firstlogin: 1461308477748.000000
lastlogin: 1461308477750.000000
...
