---
password: 8be3c943b1609fffbfc51aad666d0a04adf83c9d
ip: 50.178.213.64
firstlogin: 1462726380377.000000
lastlogin: 1462726380380.000000
...
