---
password: 1c2b0d17c738509518ecc6efa233ee6c10e724f2
ip: 51.175.138.116
firstlogin: 1461351981184.000000
lastlogin: 1461351981187.000000
...
