---
password: 69f459fc58e177ad2844feae743b74e0fe04e43a
ip: 189.214.14.152
firstlogin: 1461519273550.000000
lastlogin: 1461519273552.000000
...
