---
password: 35a2dcb3c7ccce1b44e3e7b3367aaad1447aa8b2
ip: 124.104.46.228
firstlogin: 1461313028772.000000
lastlogin: 1461313028775.000000
...
