---
password: 60127e60cdc072ac23211c2cdda432993f5932cf
ip: 75.182.124.223
firstlogin: 1461916846572.000000
lastlogin: 1461916846584.000000
...
