---
password: 7fb01568945c58829a64163082486df35862b494
ip: 212.112.100.218
firstlogin: 1461349211577.000000
lastlogin: 1461349211602.000000
...
