---
password: 68919a222db9b2008f35b7c5d540e909570fd43f
ip: 119.94.19.224
firstlogin: 1461044726001.000000
lastlogin: 1461044726003.000000
...
