---
password: 8d3d9ae08c0cf4f92d2b68f2ec0164c54e3f7dd6
ip: 31.53.186.41
firstlogin: 1461255999360.000000
lastlogin: 1461255999366.000000
...
