---
password: 67511691b60d673131f858e3892e7a99df86a906
ip: 74.131.79.116
firstlogin: 1462048679070.000000
lastlogin: 1462048679074.000000
...
