---
password: 7f0a6581b2a1b45017b62895293c5b520dfbe4e2
ip: 1.122.170.5
firstlogin: 1461055504990.000000
lastlogin: 1461055504992.000000
...
