---
password: 567f7e327f6836bc4147d68e1027b6dba88ad600
ip: 24.56.42.133
firstlogin: 1461451693571.000000
lastlogin: 1461451693574.000000
...
