---
password: 80e3fe0c095836d7ff6b65496621ac1cf7c92e79
ip: 93.151.226.74
firstlogin: 1462713970967.000000
lastlogin: 1462713970970.000000
...
