---
password: 205d15f636dd8478c98bdb9e217b4fb46101b25d
ip: 108.206.74.55
firstlogin: 1461016102903.000000
lastlogin: 1461016102906.000000
...
