---
password: 39dfa55283318d31afe5a3ff4a0e3253e2045e43
ip: 189.209.160.216
firstlogin: 1461436273648.000000
lastlogin: 1461436273650.000000
...
