---
password: 7c8e07f88d08015dfee3ca4cd84ccb6430ea81e3
ip: 186.116.204.68
firstlogin: 1461376169253.000000
lastlogin: 1461519184192.000000
...
