---
password: 850f4d12def0646affce342ec00560fe540b0322
ip: 121.54.44.92
firstlogin: 1462341083278.000000
lastlogin: 1462341083284.000000
...
