---
password: 6c067b3288c1b5c791afa04e12fb013ed2e84d10
ip: 143.93.249.145
firstlogin: 1462198985580.000000
lastlogin: 1462198985582.000000
...
