---
password: 5d0d6c97c8f6781fbeb310f93c76e8fd99d9b22d
ip: 84.191.159.98
firstlogin: 1461339778106.000000
lastlogin: 1461339778113.000000
...
