---
password: 56512dc288e752ca65ce8d27d84a8bc67e6022af
ip: 200.77.100.76
firstlogin: 1461365252167.000000
lastlogin: 1461365252169.000000
...
