---
password: 11a77413a7e58a1a6420bbd06db8086e82f878b0
ip: 82.10.98.70
firstlogin: 1462726987961.000000
lastlogin: 1462726987964.000000
...
