---
password: 1c2b0d17c738509518ecc6efa233ee6c10e724f2
ip: 90.206.13.6
firstlogin: 1461349088731.000000
lastlogin: 1461349088734.000000
...
