---
password: 1087739c24fda595c660b24bafb76ac5fc53d070
ip: 187.23.226.162
firstlogin: 1461269741753.000000
lastlogin: 1461269741774.000000
...
