---
password: 7c4a8d09ca3762af61e59520943dc26494f8941b
ip: 188.26.191.40
firstlogin: 1462003256529.000000
lastlogin: 1462003256532.000000
...
