---
password: 20eabe5d64b0e216796e834f52d61fd0b70332fc
ip: 109.145.255.178
firstlogin: 1460909355195.000000
lastlogin: 1460909359756.000000
...
