---
password: 01fcbd5a9674e35a9263ec972ce8a78b6b44a49c
ip: 189.159.106.198
firstlogin: 1462589505936.000000
lastlogin: 1462589505945.000000
...
