---
password: 9cf43b465c9288e92c66d53c31d15b76a7a0c5b6
ip: 189.157.221.197
firstlogin: 1460942944234.000000
lastlogin: 1460942944244.000000
...
