---
password: 9959c10cadf3b51950519e7ceb2e302a2b76b4be
ip: 189.237.26.94
firstlogin: 1461264188665.000000
lastlogin: 1461433289333.000000
...
