---
password: 59493ccc26afd0a4335448284ee8cb2fd70d325e
ip: 76.107.41.106
firstlogin: 1461716776099.000000
lastlogin: 1461716776126.000000
...
