---
password: 30a9093f6c32087be29e40ad40dc16a267489c8b
ip: 83.101.95.39
firstlogin: 1461421105090.000000
lastlogin: 1461421105093.000000
...
