---
password: 77a5f2b820983ce006fa2dd3b282914b23baa6d9
ip: 173.78.14.63
firstlogin: 1461285944183.000000
lastlogin: 1461368598923.000000
...
