---
password: 862bffd3a14f343f266de6ae527e300e23798289
ip: 108.49.214.152
firstlogin: 1462063064086.000000
lastlogin: 1462063064095.000000
...
