---
password: 4cc19aaff82f60ac4097f935ab4a06ad4f0891cc
ip: 67.161.4.95
firstlogin: 1462644300552.000000
lastlogin: 1462644300555.000000
...
