---
password: 70dfaffcf58fbff010682be529dcb4e46ba51a6a
ip: 84.100.224.57
firstlogin: 1461333070056.000000
lastlogin: 1461333070059.000000
...
