---
password: 07fc99672f59f7fe40359a0eab6fddb6e0844075
ip: 187.208.16.164
firstlogin: 1461354500843.000000
lastlogin: 1461354500848.000000
...
