---
password: 6bd96f022f8488fc0e33836cad1c60c8e3452099
ip: 174.134.174.202
firstlogin: 1461296853373.000000
lastlogin: 1461296853376.000000
...
