---
password: 2806140e1de9bc4a36a3964439ba3c59f0c44321
ip: 1.172.115.27
firstlogin: 1461919613156.000000
lastlogin: 1461919613158.000000
...
