---
password: 6b27c2cbea7d82ffc9a8704f6a506090ad35b11e
ip: 191.254.249.13
firstlogin: 1460925376474.000000
lastlogin: 1460925376483.000000
...
