---
password: 1c2b0d17c738509518ecc6efa233ee6c10e724f2
ip: 121.219.41.172
firstlogin: 1462620940110.000000
lastlogin: 1462620940112.000000
...
