---
password: 1f6cdd7f59e179e59b12142ee15c46517be654b2
ip: 91.231.25.157
firstlogin: 1461350778187.000000
lastlogin: 1461350778190.000000
...
