---
password: 22eb3960e0d567c90cff6f6af00047793d7ab788
ip: 223.206.247.164
firstlogin: 1461350416085.000000
lastlogin: 1461350416088.000000
...
