---
password: 61c1c54a79d253cbf93ae59067f3bc1be3bb52a1
ip: 179.107.105.90
firstlogin: 1461329390016.000000
lastlogin: 1461329390019.000000
...
