---
password: 5150d2104c8cd974b27fad3f25ec4e8098bb7bbe
ip: 190.180.184.139
firstlogin: 1461267328885.000000
lastlogin: 1461267328888.000000
...
