---
password: 952d1c1b68a26317cd885cae0a2e454fad5a10db
ip: 175.107.209.14
firstlogin: 1461318640748.000000
lastlogin: 1461318640751.000000
...
