---
password: 61ebbfaa85e2ef31486fb741c37c0949c4515509
ip: 188.195.233.134
firstlogin: 1461328110113.000000
lastlogin: 1461328110119.000000
...
