---
password: 5ee83d9cecb0db641210fbeffb0e3840c16dfa3b
ip: 212.252.166.188
firstlogin: 1461340235886.000000
lastlogin: 1461340235889.000000
...
