---
password: 068c326112c4384ef7e51e45d5848e30032dddc3
ip: 179.97.126.217
firstlogin: 1461372340144.000000
lastlogin: 1461372385091.000000
...
