---
password: 273a0c7bd3c679ba9a6f5d99078e36e85d02b952
ip: 62.36.107.148
firstlogin: 1461350502469.000000
lastlogin: 1461350502472.000000
...
