---
password: 5bfaf5fda05452ef2f9451c24744088e6f0c9f5d
ip: 76.127.21.139
firstlogin: 1462028879193.000000
lastlogin: 1462028879200.000000
...
