---
password: 1c2b0d17c738509518ecc6efa233ee6c10e724f2
ip: 94.11.23.249
firstlogin: 1462032659391.000000
lastlogin: 1462032659393.000000
...
