---
password: 4bf5b2ff746992a0e003a52dbb82c6c95fa15dd9
ip: 151.227.188.90
firstlogin: 1462633101802.000000
lastlogin: 1462698441384.000000
...
