---
password: 46229127d4c3ff233ed440ecb97a4588d946f8ab
ip: 109.91.75.243
firstlogin: 1461304292007.000000
lastlogin: 1461304292009.000000
...
