---
password: 252600796d812d9ddc2f162455a7509a1eefc1a6
ip: 194.219.214.80
firstlogin: 1461345444894.000000
lastlogin: 1461345444897.000000
...
