---
password: 5bc3d614e8e16a95831df2fca3960c36e309b073
ip: 24.50.233.210
firstlogin: 1461350060229.000000
lastlogin: 1461350060232.000000
...
