---
password: 7c4a8d09ca3762af61e59520943dc26494f8941b
ip: 83.208.52.137
firstlogin: 1461337978731.000000
lastlogin: 1461337978734.000000
...
