---
password: 8e96ac74a05719f036b5474901265e1017e62bc5
ip: 70.160.150.2
firstlogin: 1461265129699.000000
lastlogin: 1461265129703.000000
...
