---
password: 328564355f1dbc52c872c3077004571d7f4290a3
ip: 75.89.22.251
firstlogin: 1461360611031.000000
lastlogin: 1461360611036.000000
...
