---
password: 8e605c0a50c078a40c0de9a5bccefa21e1e9f2c8
ip: 98.228.222.186
firstlogin: 1461376512691.000000
lastlogin: 1461376512698.000000
...
