---
password: 90f4b1a6642e0a0c969c01371e2302f53aab5dd8
ip: 189.217.4.63
firstlogin: 1461286084010.000000
lastlogin: 1461286084012.000000
...
