---
password: 0d18e2b6d68973f0f02c17c97e4765f716eca440
ip: 72.181.199.140
firstlogin: 1460959594184.000000
lastlogin: 1460959594194.000000
...
