---
password: 5baa61e4c9b93f3f0682250b6cf8331b7ee68fd8
ip: 172.10.137.14
firstlogin: 1462111525744.000000
lastlogin: 1462112770121.000000
...
