---
password: 3abed9e1c02eba10bd50b1771710a19575c1692a
ip: 78.185.118.121
firstlogin: 1462115434151.000000
lastlogin: 1462115434154.000000
...
