---
password: 3da541559918a808c2402bba5012f6c60b27661c
ip: 50.160.21.131
firstlogin: 1460986710297.000000
lastlogin: 1461029477412.000000
...
