---
password: 8738c610710a70607fa94c6424924efe1b625389
ip: 99.6.241.219
firstlogin: 1461715557458.000000
lastlogin: 1461715557463.000000
...
