---
password: 357bef8c3d52513aaa949ac5f6a9b9fc4b52f296
ip: 89.210.61.167
firstlogin: 1461330776626.000000
lastlogin: 1461330776628.000000
...
