---
password: 36ec04b51e6369f98b7558fa127a7426bff6c385
ip: 202.80.219.208
firstlogin: 1461382077811.000000
lastlogin: 1461382077814.000000
...
