---
password: 086aec3c948fb89c146de053d63ff3c7c641776e
ip: 80.43.105.55
firstlogin: 1462113807775.000000
lastlogin: 1462113807778.000000
...
