---
password: 9cac54e06323332204c556a0214a02f77db45d43
ip: 151.49.230.80
firstlogin: 1462596988621.000000
lastlogin: 1462596988623.000000
...
