---
password: 1af03f2bb4112863edc0706eade6245faeaac35f
ip: 179.5.162.76
firstlogin: 1461358620220.000000
lastlogin: 1461358620225.000000
...
