---
password: 88ea39439e74fa27c09a4fc0bc8ebe6d00978392
ip: 98.89.14.144
firstlogin: 1461373321083.000000
lastlogin: 1461373321091.000000
...
