---
password: 37760d1614c4f63b44978f7e4a25c0a89a716b82
ip: 99.53.201.228
firstlogin: 1461421077222.000000
lastlogin: 1461421077224.000000
...
