---
password: 1c2b0d17c738509518ecc6efa233ee6c10e724f2
ip: 84.10.179.213
firstlogin: 1461001539987.000000
lastlogin: 1461001539990.000000
...
