---
password: 0bd5ea0932b1bcff407b5b085397d56c3071a975
ip: 177.201.121.134
firstlogin: 1462120259719.000000
lastlogin: 1462120259721.000000
...
