---
password: 8e04ab83a084aaa0a7842ec6362a2c491907b260
ip: 90.178.88.167
firstlogin: 1460966155105.000000
lastlogin: 1461760254957.000000
...
