---
password: 8dd5c92aaf3c7ea56e5cca4b6d6b638c2155a87a
ip: 93.47.221.44
firstlogin: 1461353285911.000000
lastlogin: 1461353285939.000000
...
