---
password: 61709bbe930938b96764e7fda524a7d00d6613d9
ip: 188.126.170.6
firstlogin: 1461334937592.000000
lastlogin: 1461334937594.000000
...
