---
password: 8593e525e79e3e3a3685928135c3c9fc1ee2cdcf
ip: 68.3.92.237
firstlogin: 1462335548805.000000
lastlogin: 1462335548808.000000
...
