---
password: 7c4a8d09ca3762af61e59520943dc26494f8941b
ip: 58.10.69.170
firstlogin: 1461337530563.000000
lastlogin: 1461337530566.000000
...
