---
password: 5baa61e4c9b93f3f0682250b6cf8331b7ee68fd8
ip: 187.79.132.122
firstlogin: 1461291718063.000000
lastlogin: 1461291718066.000000
...
