---
password: 9bcee30c1b5bccfa25edaa734185e31c4b497ffc
ip: 177.134.242.10
firstlogin: 1461359960146.000000
lastlogin: 1461359960156.000000
...
