---
password: 1c521b4839b78f94169dc673d01d387c4ff34f93
ip: 187.87.36.194
firstlogin: 1462382947303.000000
lastlogin: 1462382947305.000000
...
