---
password: 3857bf4b204daacfa5c55bb2013bbebe9f1e3879
ip: 89.235.10.26
firstlogin: 1461329254710.000000
lastlogin: 1461329254712.000000
...
