---
password: 1a2a13b5a192028d7c4ec1dbd974891552037685
ip: 68.34.161.71
firstlogin: 1461377191522.000000
lastlogin: 1461377191524.000000
...
