---
password: 7110eda4d09e062aa5e4a390b0a572ac0d2c0220
ip: 99.196.36.185
firstlogin: 1461109963824.000000
lastlogin: 1461109963826.000000
...
