---
password: 2307248539c171ab520c0588fab439c9f2ad150d
ip: 186.244.200.42
firstlogin: 1462041738217.000000
lastlogin: 1462041738220.000000
...
