---
password: 77a5f2b820983ce006fa2dd3b282914b23baa6d9
ip: 187.226.127.124
firstlogin: 1461299641364.000000
lastlogin: 1461299641367.000000
...
