---
password: 01b307acba4f54f55aafc33bb06bbbf6ca803e9a
ip: 91.135.250.197
firstlogin: 1461318647282.000000
lastlogin: 1461318647285.000000
...
