---
password: 24ea641ba9d3a9ed4ed6aed842006c694a38668d
ip: 193.165.236.3
firstlogin: 1461329325736.000000
lastlogin: 1461329325740.000000
...
