---
password: 2a8adcb0121d7d9571832d5e8a2c7ed628c6da41
ip: 2.40.29.46
firstlogin: 1462642237733.000000
lastlogin: 1462642237736.000000
...
