---
password: 3bd3d4894110fe6b8afde2717e1bb67a245ee5ac
ip: 80.134.170.114
firstlogin: 1460991960291.000000
lastlogin: 1462635334372.000000
...
