---
password: 7d5c2a2d6136fbf166211d5183bf66214a247f31
ip: 208.117.75.216
firstlogin: 1461432803451.000000
lastlogin: 1461432803455.000000
...
