---
password: 4cb452496f7f04a23528dcfe5514fc8effe66314
ip: 223.204.236.93
firstlogin: 1461315320641.000000
lastlogin: 1461315320644.000000
...
