---
password: 5baa61e4c9b93f3f0682250b6cf8331b7ee68fd8
ip: 186.247.140.241
firstlogin: 1461459014490.000000
lastlogin: 1461459014492.000000
...
