---
password: 0001bd8a8fe9d392b01c730cdd24bb4a4d7c4b99
ip: 121.54.32.108
firstlogin: 1461767784266.000000
lastlogin: 1461858010512.000000
...
