---
password: 3e2e95f5ad970eadfa7e17eaf73da97024aa5359
ip: 97.126.170.2
firstlogin: 1461624934860.000000
lastlogin: 1462539951386.000000
...
