---
password: 576c26ea3589c50827997ddbb8ff7f74a044d2e3
ip: 71.255.133.21
firstlogin: 1461378378751.000000
lastlogin: 1461378378758.000000
...
