---
password: 936d35f0eb4464f02c06951a49dd01f982e1481f
ip: 82.47.42.30
firstlogin: 1461347823520.000000
lastlogin: 1461347823522.000000
...
