---
password: 87b922155c12a5396084691d80603f6baaca1861
ip: 45.53.233.106
firstlogin: 1462498240042.000000
lastlogin: 1462498240045.000000
...
