---
password: 1c2b0d17c738509518ecc6efa233ee6c10e724f2
ip: 68.134.104.225
firstlogin: 1461422672130.000000
lastlogin: 1461422672132.000000
...
