---
password: 77400b0641aa985b1e7071bcac197193bf7d2033
ip: 172.56.6.224
firstlogin: 1461335393598.000000
lastlogin: 1461335393603.000000
...
