---
password: 09c0ee9efcf7d845c27816f013ffaa617aebcef4
ip: 180.191.128.91
firstlogin: 1461315022822.000000
lastlogin: 1461315022825.000000
...
