---
password: 675cb2c5efbcf26c5b33ac764a6becf6698a4767
ip: 66.87.65.246
firstlogin: 1461451842549.000000
lastlogin: 1461451842552.000000
...
