---
password: 81b06facd90fe7a6e9bbd9cee59736a79105b7be
ip: 99.241.180.184
firstlogin: 1461420697156.000000
lastlogin: 1461420697164.000000
...
