---
password: 35272761ea9624de9d3d13cd8a60f26918476c15
ip: 173.243.77.42
firstlogin: 1461022463923.000000
lastlogin: 1461022463925.000000
...
