---
password: 42b7547976509da8147b2e5b8d96f5cf03e69f68
ip: 85.102.132.101
firstlogin: 1461353691837.000000
lastlogin: 1461353691839.000000
...
