---
password: 0a8990816114e635059233df8ea5c84a6b206381
ip: 174.24.221.80
firstlogin: 1461992157038.000000
lastlogin: 1461992157040.000000
...
