---
password: 1fddba0951de83de0b1a44dbcfa562947a488c84
ip: 88.226.190.236
firstlogin: 1461325877820.000000
lastlogin: 1461325877823.000000
...
