---
password: 1f275b0aa5c9d8b64ece3639d5f838792886ada4
ip: 100.34.18.104
firstlogin: 1461457895851.000000
lastlogin: 1461457895862.000000
...
