---
password: 7480c8938ad9dce0e900fb542581d7209c1b1ce9
ip: 70.44.83.101
firstlogin: 1462111891701.000000
lastlogin: 1462111996575.000000
...
