---
password: 4b301cbe4e22408c159c9906a1ee94240f7d52d8
ip: 67.175.156.220
firstlogin: 1462584525686.000000
lastlogin: 1462584525688.000000
...
