---
password: 671d2c9655093b18985948107b17d192a4ec9c6f
ip: 49.148.63.203
firstlogin: 1462499460421.000000
lastlogin: 1462499460424.000000
...
