---
password: 4ce36615bd71b50a472999f09ca6fdf00f8e9193
ip: 49.149.198.235
firstlogin: 1462154082328.000000
lastlogin: 1462154082337.000000
...
