---
password: 424fa43965bde21e1a972336f3c3bc0dcaafebf5
ip: 67.44.193.115
firstlogin: 1461518809177.000000
lastlogin: 1461518809181.000000
...
