---
password: 6b325f3d4698eab8997953577ae8d0c963564106
ip: 83.230.239.170
firstlogin: 1461861829542.000000
lastlogin: 1461861829550.000000
...
