---
password: 0d05f4f3103b3f13139b6763ea038bf0ba64e855
ip: 87.156.17.53
firstlogin: 1461331817914.000000
lastlogin: 1461331817917.000000
...
