---
password: 2216421467e7480e85aa66056002511c186bc357
ip: 86.85.125.23
firstlogin: 1461323793532.000000
lastlogin: 1461323793534.000000
...
