---
password: 7355829fc181c10db8dfc271afa8cd1b9138a791
ip: 172.58.25.178
firstlogin: 1461295298914.000000
lastlogin: 1461295298917.000000
...
