---
password: 5baa61e4c9b93f3f0682250b6cf8331b7ee68fd8
ip: 184.101.174.8
firstlogin: 1462154494602.000000
lastlogin: 1462154494604.000000
...
