---
password: 6b112a7666e6f735053883a490e0be31fda6e9d2
ip: 31.215.75.119
firstlogin: 1461265163351.000000
lastlogin: 1461265163354.000000
...
