---
password: 77a5f2b820983ce006fa2dd3b282914b23baa6d9
ip: 188.163.68.31
firstlogin: 1461348329658.000000
lastlogin: 1461348329660.000000
...
