---
password: 211c11406ca48883e1a5a089a25191d7a30b1588
ip: 92.83.194.253
firstlogin: 1461330054736.000000
lastlogin: 1461330054739.000000
...
