---
password: 92cf71617d8760ac0bdc835165b371f6c39d8fde
ip: 122.155.38.12
firstlogin: 1461384369917.000000
lastlogin: 1461990892723.000000
...
