---
password: 8db68437d1adb28663528ee2bb21d234da2001cd
ip: 151.42.254.233
firstlogin: 1461264515173.000000
lastlogin: 1461264515175.000000
...
