---
password: 5c549803df00c9f47341c59f3a0f196eb1c0888f
ip: 174.113.10.116
firstlogin: 1462535895927.000000
lastlogin: 1462535895930.000000
...
