---
password: 02837b2e73a3279a2c8b4a81abc546d984092ac2
ip: 213.47.183.216
firstlogin: 1461353321198.000000
lastlogin: 1461443789478.000000
...
