---
password: 9f1f9fbbf3386b755183623930339ef2d0f7ab6f
ip: 173.91.20.121
firstlogin: 1461276005544.000000
lastlogin: 1461276005547.000000
...
