---
password: 99e0d944482baaefd908affab3e8194ff4385949
ip: 171.98.177.115
firstlogin: 1461313706579.000000
lastlogin: 1461313706590.000000
...
