---
password: 6999189e48866ea805de4f8b946246687a44eebf
ip: 2.126.80.104
firstlogin: 1461507810834.000000
lastlogin: 1461507817205.000000
...
