---
password: 7c4a8d09ca3762af61e59520943dc26494f8941b
ip: 101.176.202.195
firstlogin: 1461328401606.000000
lastlogin: 1461328401609.000000
...
