---
password: 0bdedf443ff5b5e0b717b286e4844df64af6acc2
ip: 192.168.0.47
firstlogin: 1462041685779.000000
lastlogin: 1462041685781.000000
...
