---
password: 1c2b0d17c738509518ecc6efa233ee6c10e724f2
ip: 109.155.34.44
firstlogin: 1460916995757.000000
lastlogin: 1461079511811.000000
...
