---
password: 81b06facd90fe7a6e9bbd9cee59736a79105b7be
ip: 70.193.36.148
firstlogin: 1462641517809.000000
lastlogin: 1462641517812.000000
...
