---
password: 14255c9c6c75d0ae28bcb08ded0fcbecaea27c47
ip: 50.180.164.136
firstlogin: 1461296094017.000000
lastlogin: 1461296094019.000000
...
