---
password: 14a606a565e5347cee69f389e588681302223ed1
ip: 189.74.189.198
firstlogin: 1461289294289.000000
lastlogin: 1461289294292.000000
...
