---
password: 01b307acba4f54f55aafc33bb06bbbf6ca803e9a
ip: 151.252.90.154
firstlogin: 1461840539025.000000
lastlogin: 1461840539027.000000
...
