---
password: 967cccb5862803c8e80308612dda4ab9d345ad0f
ip: 41.47.147.247
firstlogin: 1461434282100.000000
lastlogin: 1461434282104.000000
...
