---
password: 34ee14301c378e6a4e60472733c56e0a0d8c4991
ip: 151.231.205.163
firstlogin: 1460910535563.000000
lastlogin: 1462115698780.000000
...
