---
password: 3f8168bcd1be5c72730546856ce9d0ba322a7d8b
ip: 173.88.46.143
firstlogin: 1461892052943.000000
lastlogin: 1461892052951.000000
...
