---
password: 6433bf3a056e937f07d4be9fa3d4f99d9b0a5005
ip: 185.112.167.64
firstlogin: 1461074732657.000000
lastlogin: 1461074732675.000000
...
