---
password: 75877d0cd10dfdd829a9756781e5653565180a28
ip: 5.141.124.7
firstlogin: 1461384528612.000000
lastlogin: 1461384528615.000000
...
