---
password: 0aef717f3c9cf85b2f8593af1eb1140d59fad6a1
ip: 81.105.62.90
firstlogin: 1461518304517.000000
lastlogin: 1461518304519.000000
...
