---
password: 7dee78da954d37288fa17374620e64434af1a74d
ip: 71.125.15.85
firstlogin: 1461349930126.000000
lastlogin: 1461349930128.000000
...
