---
password: 1c2b0d17c738509518ecc6efa233ee6c10e724f2
ip: 23.127.212.93
firstlogin: 1461384069360.000000
lastlogin: 1461384069363.000000
...
