---
password: 07d37993a092409e6c5d6be7073d31d94250624b
ip: 75.152.13.187
firstlogin: 1461281426214.000000
lastlogin: 1461281426221.000000
...
