---
password: 26b5d2ba05dcf6fbf73bc076191e10f3c3c87706
ip: 188.22.99.223
firstlogin: 1461513721512.000000
lastlogin: 1461513721514.000000
...
