---
password: 3dc303dc33d60717fee260ee3c46ee0d81704ada
ip: 87.9.94.2
firstlogin: 1461247318395.000000
lastlogin: 1461267430034.000000
...
