---
password: 5ddc4e96250e8a0e8f42e0d45e6e3a1269572d7c
ip: 67.186.46.57
firstlogin: 1462020650245.000000
lastlogin: 1462020650256.000000
...
