---
password: 11904a4e8b77f6242e2d288705023adad00a9310
ip: 110.77.213.71
firstlogin: 1461385847476.000000
lastlogin: 1461385847479.000000
...
