---
password: 2995d8d713ca44cba36ad4317b3c63a9d9f58578
ip: 172.90.40.180
firstlogin: 1462721740460.000000
lastlogin: 1462721750200.000000
...
