---
password: 624c22a8c8f8c93f18fe5ecd4713100c8d754507
ip: 94.203.168.49
firstlogin: 1461313801964.000000
lastlogin: 1461313801973.000000
...
