---
password: 6a699e7cc1bc82bfe799853739a05fee9bdcf88f
ip: 71.57.246.39
firstlogin: 1460920288477.000000
lastlogin: 1461334049214.000000
...
