---
password: 873c4f1b88a28d013fd2d66ac967fe91b7005b7d
ip: 101.186.24.237
firstlogin: 1461262536126.000000
lastlogin: 1461262536136.000000
...
