---
password: 5a4b369c668f56e4b7362c58f40cef5390b90822
ip: 67.11.51.33
firstlogin: 1461430473668.000000
lastlogin: 1461430473673.000000
...
