---
password: 51fb45d4ba3306c08de4809029817e37d4733c5e
ip: 94.69.91.19
firstlogin: 1461000068861.000000
lastlogin: 1461867279078.000000
...
