---
password: 0130a4578de1b4ce36769c9467f424176cfdae06
ip: 182.18.216.84
firstlogin: 1461420755055.000000
lastlogin: 1461420755060.000000
...
