---
password: 1c2b0d17c738509518ecc6efa233ee6c10e724f2
ip: 104.182.168.83
firstlogin: 1461380084847.000000
lastlogin: 1461448037739.000000
...
