---
password: 16c004e885067815394b9db202be6f5228e0c1d7
ip: 145.133.159.78
firstlogin: 1461330975838.000000
lastlogin: 1461330975841.000000
...
