---
password: 0d1bb9bfb3164e19871caa12fae72a7196a5f048
ip: 50.156.175.82
firstlogin: 1461294242959.000000
lastlogin: 1461294242961.000000
...
