---
password: 16d1910b70b8084b83c2fe5739fe8feeeca46827
ip: 24.133.36.205
firstlogin: 1461445476487.000000
lastlogin: 1461519833216.000000
...
