---
password: 1003326d3943b8ddd2df4935755329f1b879692c
ip: 24.59.61.1
firstlogin: 1461281760387.000000
lastlogin: 1461281760389.000000
...
