---
password: 993376e3dcc84a0c11306eb2610b823af756216b
ip: 76.105.164.76
firstlogin: 1461267848588.000000
lastlogin: 1461267848597.000000
...
