---
password: 1c2b0d17c738509518ecc6efa233ee6c10e724f2
ip: 125.161.210.145
firstlogin: 1461323180159.000000
lastlogin: 1461323180161.000000
...
