---
password: 6e2df84970ee908a76e44c7ab7e461e0064d6225
ip: 123.200.182.101
firstlogin: 1462001009591.000000
lastlogin: 1462001009600.000000
...
