---
password: 0337ce7aa117cbd5390246af87237934d44806ed
ip: 90.196.142.6
firstlogin: 1461329567901.000000
lastlogin: 1461329567904.000000
...
