---
password: 891c5feef171da85aadd3fdb8130ba509b03f5ea
ip: 86.129.6.51
firstlogin: 1461347924337.000000
lastlogin: 1461347924345.000000
...
