---
password: 1c2b0d17c738509518ecc6efa233ee6c10e724f2
ip: 74.44.214.217
firstlogin: 1461797165552.000000
lastlogin: 1461797165554.000000
...
