---
password: 5fa339bbbb1eeaced3b52e54f44576aaf0d77d96
ip: 76.182.236.190
firstlogin: 1461555136899.000000
lastlogin: 1461555136901.000000
...
