---
password: 1531a59ed5fde900e1dafbc5b20cda9ea85a5f0b
ip: 2.220.242.122
firstlogin: 1462658617300.000000
lastlogin: 1462658617303.000000
...
