---
password: 645b8fbaef16c732ce0d5d1b18e228ae871a51ce
ip: 95.185.218.199
firstlogin: 1461322793634.000000
lastlogin: 1461322793639.000000
...
