---
password: 4c1b52409cf6be3896cf163fa17b32e4da293f2e
ip: 99.126.191.28
firstlogin: 1461378160991.000000
lastlogin: 1461719157184.000000
...
