---
password: 88ea39439e74fa27c09a4fc0bc8ebe6d00978392
ip: 78.188.110.202
firstlogin: 1461354396979.000000
lastlogin: 1461429180480.000000
...
