---
password: 47ac48784b367a8b20e8fdb16d942e60cece4579
ip: 70.209.210.19
firstlogin: 1461284274354.000000
lastlogin: 1461284274377.000000
...
