---
password: 8034c43d15bb7ef42e2cc24255217acfc5f4b2f4
ip: 75.167.89.163
firstlogin: 1462233707898.000000
lastlogin: 1462233707900.000000
...
