---
password: 3d9128fb024eff2a0ea8be2cadcd96522f1af53e
ip: 186.216.191.37
firstlogin: 1461283801601.000000
lastlogin: 1461283801617.000000
...
