---
password: 9df3e13ab20b1c4ffbae035558c7cf2d680ff5bf
ip: 88.232.120.225
firstlogin: 1461295338553.000000
lastlogin: 1461295338556.000000
...
