---
password: 2f2ade4ea9b31c2f9347e0fe0f3f596bff32e811
ip: 88.244.6.75
firstlogin: 1461001225476.000000
lastlogin: 1461001225485.000000
...
