---
password: 12e9293ec6b30c7fa8a0926af42807e929c1684f
ip: 208.106.41.223
firstlogin: 1461367703065.000000
lastlogin: 1461367703068.000000
...
