---
password: 8d2584a9a19697c02e69cdb8fadb603c0f496047
ip: 172.98.86.191
firstlogin: 1461265683781.000000
lastlogin: 1461300346278.000000
...
