---
password: 8fbdb4afa61657da916b0211fc49f00a6e304a20
ip: 121.54.44.94
firstlogin: 1461034150280.000000
lastlogin: 1462154478426.000000
...
