---
password: 81032c9537d53dbaa2cd918392e6c74779fccfda
ip: 5.141.221.202
firstlogin: 1461308051403.000000
lastlogin: 1461308051406.000000
...
