---
password: 6b4cc02fc783f8e4e79c56f9d4d26bd09db8784c
ip: 86.8.23.147
firstlogin: 1462652826509.000000
lastlogin: 1462652826511.000000
...
