---
password: 81b0457e946e1dc46c3834647e92d2f257ea8984
ip: 112.5.236.167
firstlogin: 1461989002796.000000
lastlogin: 1461989002799.000000
...
