---
password: 5491c11f9ee6ff22b260040f4f1b1a3442d127c4
ip: 105.107.23.92
firstlogin: 1461325761094.000000
lastlogin: 1461325761117.000000
...
