---
password: 346f78818613e6d5c3e737af1abe5d467123e6d3
ip: 72.181.98.215
firstlogin: 1460817340127.000000
lastlogin: 1460817340137.000000
...
