---
password: 0fb9c9cccddd5eeddfef30eb5bc87c1573fb2c86
ip: 173.48.163.21
firstlogin: 1461326595320.000000
lastlogin: 1461326595323.000000
...
