---
password: 4d9012b4a77a9524d675dad27c3276ab5705e5e8
ip: 186.213.13.112
firstlogin: 1461281091372.000000
lastlogin: 1461281091375.000000
...
