---
password: 19e8f2e107a53aac4639cba5404dadb9a0cedcd0
ip: 71.80.227.212
firstlogin: 1461623719269.000000
lastlogin: 1461623719272.000000
...
