---
password: 88994f04027f6606412b87346d08970ec6e6ca83
ip: 122.109.105.116
firstlogin: 1460980945094.000000
lastlogin: 1460980945103.000000
...
