---
password: 5dd4ebdac62609c834f7768f02286b798bd82a38
ip: 123.23.153.2
firstlogin: 1461305182244.000000
lastlogin: 1461305182247.000000
...
