---
password: 9a028a9acd94312057180610191b081b12c7fef4
ip: 118.136.242.249
firstlogin: 1461275662221.000000
lastlogin: 1461275662225.000000
...
