---
password: 3e2b7e9561af8bff3aac01cc49d8f41c1fd6d2e8
ip: 181.222.65.113
firstlogin: 1462030358480.000000
lastlogin: 1462030358483.000000
...
