---
password: 5baa61e4c9b93f3f0682250b6cf8331b7ee68fd8
ip: 177.96.205.223
firstlogin: 1461331000200.000000
lastlogin: 1461331000203.000000
...
