---
password: 1c2b0d17c738509518ecc6efa233ee6c10e724f2
ip: 173.18.240.185
firstlogin: 1460928123232.000000
lastlogin: 1460928148201.000000
...
