---
password: 212e4525f20ad4ac83dd63a432b26bb780b19325
ip: 108.183.135.126
firstlogin: 1461167984248.000000
lastlogin: 1461433047796.000000
...
