---
password: 1c2b0d17c738509518ecc6efa233ee6c10e724f2
ip: 47.20.95.55
firstlogin: 1462583688102.000000
lastlogin: 1462583688112.000000
...
