---
password: 92b6320812d86abe48e76fbfbbe8bde7170bf036
ip: 98.242.223.178
firstlogin: 1461283108312.000000
lastlogin: 1461283108320.000000
...
