---
password: 033cbcfb0312d1b9a46068ff38047445f35fc1ca
ip: 68.191.248.247
firstlogin: 1461277703357.000000
lastlogin: 1461277703364.000000
...
