---
password: 1c2b0d17c738509518ecc6efa233ee6c10e724f2
ip: 190.213.173.131
firstlogin: 1461990563186.000000
lastlogin: 1461990563188.000000
...
