---
password: 9e32b3f0338481094d0fa69e5489d7be0f6aef91
ip: 50.66.7.110
firstlogin: 1462139721478.000000
lastlogin: 1462139721483.000000
...
