---
password: 3acd0be86de7dcccdbf91b20f94a68cea535922d
ip: 37.107.206.41
firstlogin: 1461315413632.000000
lastlogin: 1461315413634.000000
...
