---
password: 680bd5a1aad04c6cb88e1fdb7a8ab6e95bdd89bb
ip: 112.198.79.33
firstlogin: 1462150731820.000000
lastlogin: 1462193165092.000000
...
