---
password: 51e53967f16c3bf3faef43e531e68cabd5b7b81f
ip: 120.29.84.214
firstlogin: 1462499946718.000000
lastlogin: 1462499946721.000000
...
