---
password: 1c2b0d17c738509518ecc6efa233ee6c10e724f2
ip: 187.189.168.254
firstlogin: 1461262324088.000000
lastlogin: 1461262324096.000000
...
