---
password: 3decd49a6c6dce88c16a85b9a8e42b51aa36f1e2
ip: 186.227.247.190
firstlogin: 1461381005902.000000
lastlogin: 1461381005911.000000
...
