---
password: 1c2b0d17c738509518ecc6efa233ee6c10e724f2
ip: 107.211.224.183
firstlogin: 1462573407119.000000
lastlogin: 1462634957162.000000
...
