---
password: 255039cf3706656fb2b4e2271737e8cd3cb7806c
ip: 180.251.201.48
firstlogin: 1462703095047.000000
lastlogin: 1462703095053.000000
...
