---
password: 399e120a62ba50d160be6c2de182da4a3968a37d
ip: 191.251.212.220
firstlogin: 1461264691967.000000
lastlogin: 1461264691970.000000
...
