---
password: 30e78594ee29d8f8650743a41067def9a695e2eb
ip: 87.170.70.43
firstlogin: 1462115109473.000000
lastlogin: 1462115109484.000000
...
