---
password: 77a5f2b820983ce006fa2dd3b282914b23baa6d9
ip: 95.218.27.120
firstlogin: 1461326941274.000000
lastlogin: 1461326941277.000000
...
