---
password: 2b3b8c1d528ee9a886d42db825cc761df2b13cbf
ip: 92.40.249.221
firstlogin: 1461281311998.000000
lastlogin: 1461281312008.000000
...
