---
password: 8e1192737615086a40d6f33b65ed9c3a4b77d19d
ip: 201.160.136.188
firstlogin: 1461337511335.000000
lastlogin: 1461337511338.000000
...
