---
password: 1c2b0d17c738509518ecc6efa233ee6c10e724f2
ip: 78.171.223.75
firstlogin: 1461277055490.000000
lastlogin: 1461277055493.000000
...
