---
password: 27bffdaab6db77a87d16abb8b6a7bdbc9efcbb68
ip: 162.204.210.132
firstlogin: 1461980264713.000000
lastlogin: 1461980264722.000000
...
