---
password: 624c22a8c8f8c93f18fe5ecd4713100c8d754507
ip: 74.78.167.36
firstlogin: 1462407938574.000000
lastlogin: 1462408153828.000000
...
