---
password: 5d42e713a8681cc1a2a3e80d558b2783570258bc
ip: 172.89.166.102
firstlogin: 1460831332924.000000
lastlogin: 1460956176601.000000
...
