---
password: 5baa61e4c9b93f3f0682250b6cf8331b7ee68fd8
ip: 24.189.167.59
firstlogin: 1462138891359.000000
lastlogin: 1462719469674.000000
...
