---
password: 11e5ad532899edb8c1e2a43f56ff7a246bcc5049
ip: 92.108.215.15
firstlogin: 1462115627959.000000
lastlogin: 1462532120542.000000
...
