---
password: 5baa61e4c9b93f3f0682250b6cf8331b7ee68fd8
ip: 190.58.249.10
firstlogin: 1461334031224.000000
lastlogin: 1461334031227.000000
...
