---
password: 7f68c0aa1c276bc29a72c13e46d4877fddce06b5
ip: 69.10.121.225
firstlogin: 1462235704597.000000
lastlogin: 1462235704607.000000
...
