---
password: 4f90b28f94537d8c86c21edefb566cb9ceabca89
ip: 77.240.98.182
firstlogin: 1461354707599.000000
lastlogin: 1461992890519.000000
...
