---
password: 81827a36e02dcefcf58a3528846e6390e324ade4
ip: 73.151.41.130
firstlogin: 1461277501905.000000
lastlogin: 1461277501922.000000
...
