---
password: 9386cbe6468a87bdab46093f695747ac8a3a044a
ip: 106.51.18.152
firstlogin: 1462109855746.000000
lastlogin: 1462109855749.000000
...
