---
password: 98400642540f5428142beb56315f83fb8e246064
ip: 108.31.176.126
firstlogin: 1461803085878.000000
lastlogin: 1461803085880.000000
...
