---
password: 273a0c7bd3c679ba9a6f5d99078e36e85d02b952
ip: 90.163.244.15
firstlogin: 1462028421966.000000
lastlogin: 1462028421969.000000
...
