---
password: 883768b6dd2c42aea0031b24be8a2da40fef4b64
ip: 71.165.120.225
firstlogin: 1461986072673.000000
lastlogin: 1461986072678.000000
...
