---
password: 5381700163c378755283a55b0a479f93c31a25c7
ip: 84.57.246.0
firstlogin: 1461340353855.000000
lastlogin: 1461340353859.000000
...
