---
password: 69a98a60d1f920e4f713b883e56da26d9cd57441
ip: 98.156.97.106
firstlogin: 1462049033368.000000
lastlogin: 1462049033370.000000
...
