---
password: 1268b9443062688afc016baa4ee9a6278b9dbee7
ip: 75.181.83.107
firstlogin: 1460920763267.000000
lastlogin: 1462656772339.000000
...
