---
password: 0b90cb68254e4951662cab9fe933c32832882e28
ip: 49.230.28.4
firstlogin: 1461293929276.000000
lastlogin: 1461321021307.000000
...
