---
password: 89c48c236027e86becf8f0c07e8ef081a38b5a87
ip: 186.206.255.78
firstlogin: 1461348411501.000000
lastlogin: 1461348411503.000000
...
