---
password: 1c2b0d17c738509518ecc6efa233ee6c10e724f2
ip: 68.67.254.173
firstlogin: 1461297458822.000000
lastlogin: 1461297458827.000000
...
