---
password: 0ed171fda52edd43c3943607c349652fe8853e69
ip: 107.134.128.246
firstlogin: 1461453216172.000000
lastlogin: 1461453216175.000000
...
