---
password: 4dfd319527efb2ba1a52ee14f476f272117f4491
ip: 36.84.69.230
firstlogin: 1461578110408.000000
lastlogin: 1461578110410.000000
...
