---
password: 3d9128fb024eff2a0ea8be2cadcd96522f1af53e
ip: 201.42.165.229
firstlogin: 1461344110820.000000
lastlogin: 1461344110822.000000
...
