---
password: 96137251be6ac2ac3566f3f053c181eabe229c4c
ip: 93.23.241.73
firstlogin: 1462110624533.000000
lastlogin: 1462110624536.000000
...
