---
password: 5baa61e4c9b93f3f0682250b6cf8331b7ee68fd8
ip: 72.253.244.136
firstlogin: 1462724316873.000000
lastlogin: 1462724316887.000000
...
