---
password: 6fead90aa061349b9874d904c108b59c79d12d76
ip: 189.107.20.79
firstlogin: 1461381966355.000000
lastlogin: 1461381966359.000000
...
