---
password: 1c2b0d17c738509518ecc6efa233ee6c10e724f2
ip: 107.216.144.230
firstlogin: 1462407146078.000000
lastlogin: 1462407146089.000000
...
