---
password: 545c562a9d01dfaef9fb4e72c14010d2c4862a8b
ip: 51.39.111.103
firstlogin: 1461348321196.000000
lastlogin: 1461348321198.000000
...
