---
password: 8bc8cdbdeee80e224c410864499310da08b06a37
ip: 182.55.148.120
firstlogin: 1462117113779.000000
lastlogin: 1462117113788.000000
...
