---
password: 7cadfb817a320e0038157fc6890d7259b315e853
ip: 49.149.95.117
firstlogin: 1461275162823.000000
lastlogin: 1461275162826.000000
...
