---
password: 3adb6313def794171d0e53d9d2a8b2fde64cf9e7
ip: 179.182.6.99
firstlogin: 1461327455925.000000
lastlogin: 1461327455928.000000
...
