---
password: 1c2b0d17c738509518ecc6efa233ee6c10e724f2
ip: 98.168.150.90
firstlogin: 1460924841873.000000
lastlogin: 1461108149695.000000
...
