---
password: 03d67c263c27a453ef65b29e30334727333ccbcd
ip: 99.73.221.251
firstlogin: 1462228183743.000000
lastlogin: 1462228392327.000000
...
