---
password: 4fa5e66e8c297fbdf464fd421f3fcff80d003a62
ip: 58.170.239.209
firstlogin: 1462690394741.000000
lastlogin: 1462690394744.000000
...
