---
password: 9499c82100a206fafec8b3eaac4b081bff48aa2d
ip: 177.158.0.51
firstlogin: 1461279060213.000000
lastlogin: 1461351340471.000000
...
