---
password: 09bda8f27fe71a2e09139dc77859a770138b11c6
ip: 69.156.110.57
firstlogin: 1460919710986.000000
lastlogin: 1460941447560.000000
...
