---
password: 649058e219f80c81921922c7e10e80b7e9b4dc6a
ip: 112.198.75.33
firstlogin: 1462668717919.000000
lastlogin: 1462668717924.000000
...
