---
password: 70b04a1f9fc65b26de2b90a81cdcb71e7568d5d4
ip: 68.44.246.45
firstlogin: 1461013345842.000000
lastlogin: 1461013345844.000000
...
