---
password: 280148d17cdaf67c308b1c881ec50fcc59353a43
ip: 177.16.134.141
firstlogin: 1461283752080.000000
lastlogin: 1461283752082.000000
...
