---
password: 8cd5b9e271a27e748913d5fa2d16f02b088d2333
ip: 92.105.33.37
firstlogin: 1461357340586.000000
lastlogin: 1461357340589.000000
...
