---
password: 6f9330582e8f40120adc4224e1c5a751dbf5b0dd
ip: 67.84.57.63
firstlogin: 1461293924174.000000
lastlogin: 1461297602977.000000
...
