---
password: 5baa61e4c9b93f3f0682250b6cf8331b7ee68fd8
ip: 24.148.113.155
firstlogin: 1461011433614.000000
lastlogin: 1462026967120.000000
...
