---
password: 523cf99e800d57d0ff0ac7b97e04ebc2b9b4b263
ip: 23.236.10.78
firstlogin: 1461325433353.000000
lastlogin: 1461325433360.000000
...
