---
password: 463d7cb4f1ea51fef442e1dc8fa69881ae8df746
ip: 85.113.127.102
firstlogin: 1461301626236.000000
lastlogin: 1461301626238.000000
...
