---
password: 8f82c6452874b8cb6244003789c0e6a366da369b
ip: 98.176.225.171
firstlogin: 1461298558406.000000
lastlogin: 1461298558410.000000
...
