---
password: 42ea550f7941563079d5469492709ccde82a468a
ip: 98.198.2.80
firstlogin: 1462052941157.000000
lastlogin: 1462052941160.000000
...
