---
password: 1c2b0d17c738509518ecc6efa233ee6c10e724f2
ip: 210.187.244.68
firstlogin: 1462029481051.000000
lastlogin: 1462029481054.000000
...
