---
password: 6e2292037b1b046c74abdd459343646085f4dcf3
ip: 24.243.54.117
firstlogin: 1462574071469.000000
lastlogin: 1462574075194.000000
...
