---
password: 867cef9a43081397d6e83c0c1c41e91c689e866f
ip: 109.77.17.198
firstlogin: 1462200516287.000000
lastlogin: 1462200516289.000000
...
