---
password: 5baa61e4c9b93f3f0682250b6cf8331b7ee68fd8
ip: 118.136.65.55
firstlogin: 1461302445064.000000
lastlogin: 1461302445067.000000
...
