---
password: 8cb2237d0679ca88db6464eac60da96345513964
ip: 174.118.40.158
firstlogin: 1462142996773.000000
lastlogin: 1462143017621.000000
...
