---
password: 453980a09114605b9eaf98491ecfa0f657bb82dd
ip: 203.111.235.162
firstlogin: 1461826537503.000000
lastlogin: 1461826537505.000000
...
