---
password: 3f1612e88ad9d5ba8e02c1a3a2e2e6ffbe54975e
ip: 86.126.16.98
firstlogin: 1461371884308.000000
lastlogin: 1461371884311.000000
...
