---
password: 9fcb59a51a76bd583d7b4e806125aa3926c347ed
ip: 86.253.54.194
firstlogin: 1460997982943.000000
lastlogin: 1461517473763.000000
...
