---
password: 3d9128fb024eff2a0ea8be2cadcd96522f1af53e
ip: 186.227.11.46
firstlogin: 1461333530931.000000
lastlogin: 1461333530940.000000
...
