---
password: 81281b2a4222c5014a25df8a5b07c0f1cda2a222
ip: 74.141.118.225
firstlogin: 1462120392216.000000
lastlogin: 1462120392218.000000
...
