---
password: 44fc4e60c0e51fb40cc3145e3740c723aa9a6f6b
ip: 108.67.93.75
firstlogin: 1461269153678.000000
lastlogin: 1461269153698.000000
...
