---
password: 1f8bb43cd9d4c1a5147a70260fe5426002edd051
ip: 45.17.243.41
firstlogin: 1460943071777.000000
lastlogin: 1461300900842.000000
...
