---
password: 6dfa9cecb562e345739f2e4eb69e9ebd0fbff687
ip: 187.221.64.40
firstlogin: 1461269473836.000000
lastlogin: 1461269473839.000000
...
