---
password: 3c81bc66660e03a7d26fb989e4179d2dd4a9f693
ip: 91.186.60.159
firstlogin: 1461263849389.000000
lastlogin: 1461263849396.000000
...
