---
password: 518949901c250d60d06055572632e9991182eb1a
ip: 71.126.165.77
firstlogin: 1462110350208.000000
lastlogin: 1462110350211.000000
...
