---
password: 1c2c7d38d1f9634b8b74853f9b178e75ec5fadfa
ip: 82.231.92.5
firstlogin: 1461312121469.000000
lastlogin: 1461312121472.000000
...
