---
password: 87b43435284539b2f7f4e4dcab5e78251c243226
ip: 189.214.12.70
firstlogin: 1460936659974.000000
lastlogin: 1460936659977.000000
...
