---
password: 3e56d7119ced562391cdf277c696e1a86d828508
ip: 120.29.81.250
firstlogin: 1461303678595.000000
lastlogin: 1461303678602.000000
...
