---
password: 5367538f5c7bf01789ff906aa0e7df2387dca724
ip: 99.6.202.40
firstlogin: 1462632309418.000000
lastlogin: 1462632309426.000000
...
