---
password: 9190b92ab8c42038c738217d12f67e3cf66e2ecd
ip: 76.22.196.114
firstlogin: 1460936556780.000000
lastlogin: 1461422568362.000000
...
