---
password: 51a465594108a66c0d4349998afba4855c4417b0
ip: 50.158.2.80
firstlogin: 1462040918780.000000
lastlogin: 1462040918782.000000
...
