---
password: 6393e12499a6eb876fe35694674a30a649afa723
ip: 67.84.113.111
firstlogin: 1461285729019.000000
lastlogin: 1461342608135.000000
...
