---
password: 1c2b0d17c738509518ecc6efa233ee6c10e724f2
ip: 82.46.53.148
firstlogin: 1461345148399.000000
lastlogin: 1461345148408.000000
...
