---
password: 067ef7a5aac501e655367f34eb9dc6243bcf4b13
ip: 173.183.233.155
firstlogin: 1461712610021.000000
lastlogin: 1461712610024.000000
...
