---
password: 3892633b6be7a270bb4007cd7ca372a373f3da39
ip: 14.2.81.20
firstlogin: 1462595935917.000000
lastlogin: 1462595935925.000000
...
