---
password: 1c2b0d17c738509518ecc6efa233ee6c10e724f2
ip: 68.134.51.135
firstlogin: 1461372178358.000000
lastlogin: 1461531710700.000000
...
