---
password: 1f69f3ffe78b2894748d3d4a3ec86755feb5b0c7
ip: 172.88.249.61
firstlogin: 1462156873903.000000
lastlogin: 1462156873905.000000
...
