---
password: 5dfe0166d1188c838e087e9318bc829eed0308e8
ip: 121.54.32.165
firstlogin: 1462697746516.000000
lastlogin: 1462697983089.000000
...
