---
password: 618dcdfb0cd9ae4481164961c4796dd8e3930c8d
ip: 5.143.125.103
firstlogin: 1462077158961.000000
lastlogin: 1462077158977.000000
...
