---
password: 1c2b0d17c738509518ecc6efa233ee6c10e724f2
ip: 78.230.33.246
firstlogin: 1461305389511.000000
lastlogin: 1461305389513.000000
...
