---
password: 5dc5af0bb91e64b5c3a8661fd8c1cebfcd7401d6
ip: 76.216.141.80
firstlogin: 1461098347198.000000
lastlogin: 1462685791535.000000
...
