---
password: 73c73f76a27b163e953b081b4bbcf19a6fd170d1
ip: 71.35.52.191
firstlogin: 1461333685984.000000
lastlogin: 1461509765960.000000
...
