---
password: 19dec63bd10904a3d994b775d34eca24832f2181
ip: 73.198.124.241
firstlogin: 1462053791125.000000
lastlogin: 1462053791127.000000
...
