---
password: 8b84db009d701de5dd0e8e9be2d8fc6c3ce036b4
ip: 49.149.248.42
firstlogin: 1461311237289.000000
lastlogin: 1461311237302.000000
...
