---
password: 1c2b0d17c738509518ecc6efa233ee6c10e724f2
ip: 188.52.176.100
firstlogin: 1461803622072.000000
lastlogin: 1461803622075.000000
...
