---
password: 01d49c5e1858c813dca55aa1598b0b47cdd034a7
ip: 109.177.102.171
firstlogin: 1461307302673.000000
lastlogin: 1461307302676.000000
...
