---
password: 4919688e5b31c1674c2e83e44f91d24bc986eb88
ip: 86.9.111.111
firstlogin: 1461321710711.000000
lastlogin: 1461321710720.000000
...
