---
password: 03ac596fae136a40bd372fba1502ea36a5f5767b
ip: 188.138.208.209
firstlogin: 1461346887021.000000
lastlogin: 1461346887024.000000
...
