---
password: 2072c804af6ec40d278b0640f4d10a46e2ce8cb9
ip: 94.98.102.49
firstlogin: 1462658564801.000000
lastlogin: 1462658564803.000000
...
