---
password: 8b7e33ef9a3581d6ffa09ef5d3e407e9a5e2de04
ip: 72.79.118.84
firstlogin: 1461356891011.000000
lastlogin: 1461356891013.000000
...
