---
password: 321d75e7f1d42f20f867cea3a0af54847e076d75
ip: 177.85.109.13
firstlogin: 1461512967202.000000
lastlogin: 1461512967204.000000
...
