---
password: 834184e4e328278e2977f4aab9de62666249435e
ip: 68.204.75.235
firstlogin: 1461363202257.000000
lastlogin: 1461363202259.000000
...
