---
password: 9f59d6d0558dee4dc10d6b61ca4af16605ad4e9c
ip: 90.37.233.97
firstlogin: 1461264203911.000000
lastlogin: 1461264203920.000000
...
