---
password: 5d68cc403acf633bd79044d21de7a4552b8adfc2
ip: 72.195.158.104
firstlogin: 1461281325433.000000
lastlogin: 1461281325438.000000
...
