---
password: 9c7528cf613cabd0b7c04e568f6d7af84d87c44a
ip: 217.121.45.36
firstlogin: 1462202217748.000000
lastlogin: 1462202217750.000000
...
