---
password: 99800b85d3383e3a2fb45eb7d0066a4879a9dad0
ip: 186.87.13.230
firstlogin: 1461276071706.000000
lastlogin: 1461276071709.000000
...
