---
password: 1c2b0d17c738509518ecc6efa233ee6c10e724f2
ip: 110.159.80.12
firstlogin: 1461747960429.000000
lastlogin: 1461747960431.000000
...
