---
password: 3ceb0b235eddb2465524813e42208576bf4cce7b
ip: 108.215.243.81
firstlogin: 1461987596871.000000
lastlogin: 1461987596876.000000
...
