---
password: 1c2b0d17c738509518ecc6efa233ee6c10e724f2
ip: 63.155.46.58
firstlogin: 1461360913098.000000
lastlogin: 1461360913101.000000
...
