---
password: 624c22a8c8f8c93f18fe5ecd4713100c8d754507
ip: 95.246.109.138
firstlogin: 1461332443605.000000
lastlogin: 1461332443608.000000
...
