---
password: 414828ef4d29bb28563458e01e840fb562c6d18c
ip: 124.106.139.81
firstlogin: 1461378080575.000000
lastlogin: 1461378080585.000000
...
