---
password: 1940c56fd33a16d814dcb27383830929fbc87934
ip: 89.176.161.11
firstlogin: 1461334678220.000000
lastlogin: 1461334678222.000000
...
