---
password: 8708d82b05fa06f534854831b83851f2ce1d04a7
ip: 39.44.132.167
firstlogin: 1461325297212.000000
lastlogin: 1461325297222.000000
...
