---
password: 268f1d1bc9212892b9dafc1b5fa3852a5b1cfc6b
ip: 37.106.78.49
firstlogin: 1460984140871.000000
lastlogin: 1460984140880.000000
...
