---
password: 1c2b0d17c738509518ecc6efa233ee6c10e724f2
ip: 88.233.213.114
firstlogin: 1461270275147.000000
lastlogin: 1461270275166.000000
...
