---
password: 250e77f12a5ab6972a0895d290c4792f0a326ea8
ip: 79.40.149.169
firstlogin: 1461000437650.000000
lastlogin: 1461000437653.000000
...
