---
password: 01b307acba4f54f55aafc33bb06bbbf6ca803e9a
ip: 178.89.92.226
firstlogin: 1461311959659.000000
lastlogin: 1461420625197.000000
...
