---
password: 09ee6a2f8ddc334c05a8619bb11ebc9e53830ad9
ip: 121.54.54.138
firstlogin: 1462160184364.000000
lastlogin: 1462160184373.000000
...
