---
password: 4812433345536c8b4d7005e350c879749519b895
ip: 179.7.116.110
firstlogin: 1462662704513.000000
lastlogin: 1462662704515.000000
...
