---
password: 3486c0109a14e540c23963919071f50c96758f0d
ip: 188.152.49.82
firstlogin: 1460925902283.000000
lastlogin: 1461168202512.000000
...
