---
password: 03d67c263c27a453ef65b29e30334727333ccbcd
ip: 58.96.40.133
firstlogin: 1461304918668.000000
lastlogin: 1461736234020.000000
...
