---
password: 802b321b0f1b2a839aa784d21af7c9d09bf65fa2
ip: 27.99.10.121
firstlogin: 1461577258077.000000
lastlogin: 1461577258085.000000
...
