---
password: 66c37c982b6bf0270423c1b49229ee26882aa07a
ip: 50.190.182.177
firstlogin: 1462025968266.000000
lastlogin: 1462233540092.000000
...
