---
password: 03de6c570bfe24bfc328ccd7ca46b76eadaf4334
ip: 187.87.122.240
firstlogin: 1461981246965.000000
lastlogin: 1462052412049.000000
...
