---
password: 8002b49f4f0ef37faa5d0ec62dc9f9341241bf17
ip: 180.214.233.21
firstlogin: 1461343926777.000000
lastlogin: 1461343926779.000000
...
