---
password: 9f6585d90ad1991a6ec371f88f6be358355bd1d6
ip: 112.198.75.33
firstlogin: 1462596174579.000000
lastlogin: 1462669762463.000000
...
