---
password: 477377de26aa7b6f2945f33bf61854e00a3f7399
ip: 92.241.34.184
firstlogin: 1461424066976.000000
lastlogin: 1461424066981.000000
...
