---
password: 310bbb45c6890c5cbd22324ce170d09c5c14e584
ip: 24.22.48.23
firstlogin: 1461281172709.000000
lastlogin: 1461281172711.000000
...
