---
password: 9048ead9080d9b27d6b2b6ed363cbf8cce795f7f
ip: 188.232.19.121
firstlogin: 1461356311995.000000
lastlogin: 1461356312000.000000
...
