---
password: 9f4056caec93ae411e0989f6f1249ea240d131a7
ip: 189.202.24.3
firstlogin: 1461420586539.000000
lastlogin: 1461420586541.000000
...
