---
password: 99800b85d3383e3a2fb45eb7d0066a4879a9dad0
ip: 83.44.209.98
firstlogin: 1461344387903.000000
lastlogin: 1461344387914.000000
...
