---
password: 28aaef150d8d4bdf4fb33dd7546e8873781fac54
ip: 50.71.206.191
firstlogin: 1461292105415.000000
lastlogin: 1461292105426.000000
...
