---
password: 254cf1cf4da1aa55accf323db55032966b76564b
ip: 67.165.102.146
firstlogin: 1461030508338.000000
lastlogin: 1461030508343.000000
...
