---
password: 5baa61e4c9b93f3f0682250b6cf8331b7ee68fd8
ip: 189.203.45.102
firstlogin: 1461361414837.000000
lastlogin: 1461361414850.000000
...
