---
password: 99800b85d3383e3a2fb45eb7d0066a4879a9dad0
ip: 189.176.13.233
firstlogin: 1461293932175.000000
lastlogin: 1461374655915.000000
...
