---
password: 5fcc1ea59ba88b9bcd2a83e73204c5d5a0fb1219
ip: 98.224.201.123
firstlogin: 1461285230673.000000
lastlogin: 1461285230676.000000
...
