---
password: 7c4a8d09ca3762af61e59520943dc26494f8941b
ip: 212.252.97.253
firstlogin: 1461348041239.000000
lastlogin: 1461348041241.000000
...
