---
password: 5baa61e4c9b93f3f0682250b6cf8331b7ee68fd8
ip: 2.98.5.112
firstlogin: 1461347542933.000000
lastlogin: 1461347542936.000000
...
