---
password: 2ff032030cb6f8d8e5b3781e62427d5088dbfce5
ip: 73.200.147.137
firstlogin: 1461982239971.000000
lastlogin: 1461982239979.000000
...
