---
password: 1c2b0d17c738509518ecc6efa233ee6c10e724f2
ip: 180.190.178.60
firstlogin: 1461045215525.000000
lastlogin: 1461045215534.000000
...
