---
password: 8ef5deb3255ba78ba496888123e0d513d4cf0d4d
ip: 90.219.220.32
firstlogin: 1461270657728.000000
lastlogin: 1461270657732.000000
...
