---
password: 1c2b0d17c738509518ecc6efa233ee6c10e724f2
ip: 62.61.176.7
firstlogin: 1461263912926.000000
lastlogin: 1461299538477.000000
...
