---
password: 8c10a6b59c03e198cb8f0915642d0052f00792b9
ip: 47.20.89.186
firstlogin: 1461271080788.000000
lastlogin: 1461271080791.000000
...
