---
password: 00cc323ad86149e0e5c0e00fdfcdf7772a05eb40
ip: 173.175.188.128
firstlogin: 1461279499866.000000
lastlogin: 1461386278993.000000
...
