---
password: 56c27b78fa3c9f85753c9241357542566d57e985
ip: 174.73.105.100
firstlogin: 1461379019153.000000
lastlogin: 1461379019155.000000
...
