---
password: 03d67c263c27a453ef65b29e30334727333ccbcd
ip: 97.67.164.10
firstlogin: 1461307648896.000000
lastlogin: 1461307648898.000000
...
