---
password: 14ee77933cfe968d0d7e462ffcd6b2fcae3a8b67
ip: 162.225.34.166
firstlogin: 1461372163402.000000
lastlogin: 1461372163405.000000
...
