---
password: 8885caa93cfaf6ee1ff056d2259b9b0ed452d0ce
ip: 174.47.245.161
firstlogin: 1462145164384.000000
lastlogin: 1462145164393.000000
...
