---
password: 7e1f4cccda07c863e0674a711b0cc7825e0d613a
ip: 88.108.238.93
firstlogin: 1462639309036.000000
lastlogin: 1462639325781.000000
...
