---
password: 7c4a8d09ca3762af61e59520943dc26494f8941b
ip: 104.162.233.241
firstlogin: 1461420481978.000000
lastlogin: 1461420482000.000000
...
