---
password: 624c22a8c8f8c93f18fe5ecd4713100c8d754507
ip: 73.132.136.165
firstlogin: 1461503885851.000000
lastlogin: 1462019047633.000000
...
