---
password: 1c2b0d17c738509518ecc6efa233ee6c10e724f2
ip: 122.52.65.119
firstlogin: 1461383276355.000000
lastlogin: 1461383276358.000000
...
