---
password: 0419f2716d2ff4b1e18ac6f31eff6201c7cf734b
ip: 87.243.115.49
firstlogin: 1462691631336.000000
lastlogin: 1462691631338.000000
...
