---
password: 3acd0be86de7dcccdbf91b20f94a68cea535922d
ip: 37.231.27.187
firstlogin: 1461434262535.000000
lastlogin: 1461434262541.000000
...
