---
password: 1c2b0d17c738509518ecc6efa233ee6c10e724f2
ip: 121.208.212.249
firstlogin: 1461450000838.000000
lastlogin: 1461450093995.000000
...
