---
password: 34c51f1b5076e8a5d9d62c5dab03c202459cde60
ip: 72.71.180.29
firstlogin: 1462119632564.000000
lastlogin: 1462119632571.000000
...
