---
password: 1c2b0d17c738509518ecc6efa233ee6c10e724f2
ip: 67.189.41.186
firstlogin: 1461448379517.000000
lastlogin: 1461448379524.000000
...
