---
password: 3d9128fb024eff2a0ea8be2cadcd96522f1af53e
ip: 177.132.38.68
firstlogin: 1461370139443.000000
lastlogin: 1461370139447.000000
...
