---
password: 7f0f41202079af027466162db5ba7578fe36f85f
ip: 217.240.110.31
firstlogin: 1461353560164.000000
lastlogin: 1461353560167.000000
...
