---
password: 4d32bbf089a6458f046b60ba671d2ded7b475ee9
ip: 79.40.93.197
firstlogin: 1462029898303.000000
lastlogin: 1462029898305.000000
...
