---
password: 757a50586323adf0cb4b6cd93317e2c711ec35f9
ip: 89.12.30.23
firstlogin: 1461336747731.000000
lastlogin: 1461336747733.000000
...
