---
password: 9df0090c707b743ccde1da9e35f6159babdc0194
ip: 124.106.138.180
firstlogin: 1461291123390.000000
lastlogin: 1461291123392.000000
...
