---
password: 48c3e0079941598a9d2488f83966ceb41085250a
ip: 60.234.106.189
firstlogin: 1461301884839.000000
lastlogin: 1461301884844.000000
...
