---
password: 2e63fd38c7f03e0ac101d1a0dc0adf961a5677f5
ip: 137.175.131.9
firstlogin: 1462110180514.000000
lastlogin: 1462110180517.000000
...
