---
password: 1c2b0d17c738509518ecc6efa233ee6c10e724f2
ip: 24.24.169.162
firstlogin: 1461448650202.000000
lastlogin: 1461448650204.000000
...
