---
password: 6475629feb3b8b09ac22affb78a7296b7fe12e23
ip: 99.43.6.220
firstlogin: 1461623652725.000000
lastlogin: 1461802715587.000000
...
