---
password: 7532f07cbe2946400b5c73ad4188dca17a36897e
ip: 79.119.86.218
firstlogin: 1461365937323.000000
lastlogin: 1461365937328.000000
...
