---
password: 0d26381d984a6da11abc134d586f56e60c240ba4
ip: 68.104.26.226
firstlogin: 1462323125219.000000
lastlogin: 1462323862123.000000
...
