---
password: 03f316ca7c4239f2c31049c52b01b742e9a7c465
ip: 216.251.19.181
firstlogin: 1460954564779.000000
lastlogin: 1460954564782.000000
...
