---
password: 61363781dfc11c00b7ff97cd3ba30e6a36506d97
ip: 79.114.235.92
firstlogin: 1461001959177.000000
lastlogin: 1461001972668.000000
...
