---
password: 5fb1bff14ef77e06090af0b91d5cae41935a4390
ip: 217.245.3.253
firstlogin: 1461793627459.000000
lastlogin: 1461793627461.000000
...
