---
password: 0dbe395ec76b032a5887fe140452cb59be25ef5c
ip: 93.169.6.176
firstlogin: 1461272555142.000000
lastlogin: 1461322292992.000000
...
