---
password: 31c641925cb1bc7719872c70697c86d013bc956f
ip: 70.51.231.65
firstlogin: 1462140071395.000000
lastlogin: 1462324859986.000000
...
