---
password: 5cd88b488a1ff2f0ab4b8c4a4753be3b9670a4b2
ip: 95.147.49.99
firstlogin: 1462108315295.000000
lastlogin: 1462108315304.000000
...
