---
password: 2ce11298d8cfb2611454c0dc516f8e611952bd44
ip: 84.173.219.207
firstlogin: 1460999770843.000000
lastlogin: 1460999770845.000000
...
