---
password: 5ed25af7b1ed23fb00122e13d7f74c4d8262acd8
ip: 91.91.90.237
firstlogin: 1462007233985.000000
lastlogin: 1462007233990.000000
...
