---
password: 158127524ea4df5526fd40c0669578680d1c87e5
ip: 88.243.30.177
firstlogin: 1461322644542.000000
lastlogin: 1461322644546.000000
...
