---
password: 9eb46c44eb3e32b35493882ca489d9cd370415f0
ip: 73.242.214.184
firstlogin: 1462159347242.000000
lastlogin: 1462159347251.000000
...
