---
password: 1c2b0d17c738509518ecc6efa233ee6c10e724f2
ip: 101.179.114.61
firstlogin: 1462108122806.000000
lastlogin: 1462108122812.000000
...
