---
password: 9b0c2d0d3dbc12e571778bd547fcdb33af167274
ip: 89.135.102.9
firstlogin: 1461352305997.000000
lastlogin: 1461352306001.000000
...
