---
password: 8e929286a0c8dcffab3bf70124045f1d63f278b4
ip: 121.210.176.101
firstlogin: 1461115433280.000000
lastlogin: 1461363929653.000000
...
