---
password: 2d91c3a587aede41f5fda73de32341ad8167e94a
ip: 178.208.225.82
firstlogin: 1461335247272.000000
lastlogin: 1461335247274.000000
...
