---
password: 29d5ae54b61a0615674cc556e25ce6666841f6f7
ip: 186.249.236.147
firstlogin: 1461334265685.000000
lastlogin: 1461334265691.000000
...
