---
password: 2f02ecb021673d6dd117e05d4eeed410d8b18ce5
ip: 173.63.161.244
firstlogin: 1461759964331.000000
lastlogin: 1461759964333.000000
...
