---
password: 39e4c7a175c48c23e5d4bfb4419baec5a2f26dce
ip: 66.87.115.166
firstlogin: 1461873809149.000000
lastlogin: 1462032169469.000000
...
