---
password: 88ea39439e74fa27c09a4fc0bc8ebe6d00978392
ip: 37.104.250.142
firstlogin: 1461327030690.000000
lastlogin: 1461327030693.000000
...
