---
password: 5baa61e4c9b93f3f0682250b6cf8331b7ee68fd8
ip: 86.185.133.126
firstlogin: 1461001753445.000000
lastlogin: 1461304496568.000000
...
