---
password: 0344dc1fb7280fd45166e876f79763eba94a3cab
ip: 180.191.91.44
firstlogin: 1461593001679.000000
lastlogin: 1461593001682.000000
...
