---
password: 049901e0b6123ec5ca90ad7f44b830b8fa98c13d
ip: 112.198.118.1
firstlogin: 1461306224027.000000
lastlogin: 1461306224029.000000
...
