---
password: 5baa61e4c9b93f3f0682250b6cf8331b7ee68fd8
ip: 207.119.40.234
firstlogin: 1462679840241.000000
lastlogin: 1462679840244.000000
...
