---
password: 315c43f14c2ea1586fd99ba517c4e86c6785ceb5
ip: 14.203.17.30
firstlogin: 1462622626743.000000
lastlogin: 1462692452382.000000
...
