---
password: 2d88f7fe3feff53961afe2bb80674a80192fb4e9
ip: 71.164.210.73
firstlogin: 1462141679158.000000
lastlogin: 1462141679161.000000
...
