---
password: 1c2b0d17c738509518ecc6efa233ee6c10e724f2
ip: 70.127.172.119
firstlogin: 1460935116644.000000
lastlogin: 1460935116646.000000
...
