---
password: 624c22a8c8f8c93f18fe5ecd4713100c8d754507
ip: 86.241.140.126
firstlogin: 1461511461185.000000
lastlogin: 1461511461188.000000
...
