---
password: 8f7153258069bb711b272074376684287407cb34
ip: 71.92.102.25
firstlogin: 1462034684066.000000
lastlogin: 1462034684069.000000
...
