---
password: 3efd62ee86d4a141c3e671d86ba1579f934cf04d
ip: 124.189.22.113
firstlogin: 1461318489034.000000
lastlogin: 1461318489037.000000
...
