---
password: 73147a90ff443e8e890a80932b823a132273a59d
ip: 189.192.184.206
firstlogin: 1461280701371.000000
lastlogin: 1461292006044.000000
...
