---
password: 0b66efa026c9f237c5c4d52900d57fbb9a8e9341
ip: 75.166.30.211
firstlogin: 1462115904236.000000
lastlogin: 1462115904245.000000
...
