---
password: 72af71218ee04b63d8fb92de95325c5ae539b2aa
ip: 86.155.81.155
firstlogin: 1461345463199.000000
lastlogin: 1461345463202.000000
...
