---
password: 05673a99b51af7e3bc733637024d9bcc7298f380
ip: 71.175.233.16
firstlogin: 1462618533022.000000
lastlogin: 1462618533025.000000
...
