---
password: 2ca22638463a92f3bf3d87274b7e9c33b52f6a5c
ip: 95.77.174.35
firstlogin: 1461316885489.000000
lastlogin: 1461316885492.000000
...
