---
password: 03d67c263c27a453ef65b29e30334727333ccbcd
ip: 108.248.132.98
firstlogin: 1461030501066.000000
lastlogin: 1461372436831.000000
...
