---
password: 1c2b0d17c738509518ecc6efa233ee6c10e724f2
ip: 171.101.193.74
firstlogin: 1461378570994.000000
lastlogin: 1461503451164.000000
...
