---
password: 1c2b0d17c738509518ecc6efa233ee6c10e724f2
ip: 2.126.113.213
firstlogin: 1461374250300.000000
lastlogin: 1461374250302.000000
...
