---
password: 7f338c8c86315506b6ab5200f8b1ed2682f6a9c3
ip: 124.104.236.227
firstlogin: 1461382298654.000000
lastlogin: 1461382298658.000000
...
