---
password: 10c9361804c6a1d1ae0d0e6f87331c653707e17d
ip: 184.155.149.41
firstlogin: 1460941963439.000000
lastlogin: 1460944779809.000000
...
