---
password: 65e8f3dfd85cff9f6b0a02dc786811640dc4c3c5
ip: 93.191.73.48
firstlogin: 1461420587766.000000
lastlogin: 1461420587769.000000
...
