---
password: 1c2b0d17c738509518ecc6efa233ee6c10e724f2
ip: 107.130.101.104
firstlogin: 1460915644424.000000
lastlogin: 1460915644429.000000
...
