---
password: 9818850ff2396fdec78e882bddd986a331cedf95
ip: 189.237.108.23
firstlogin: 1461793593354.000000
lastlogin: 1461793593356.000000
...
