---
password: 21f55025edaf9a8e9506d6b261f2d7b7633b5504
ip: 97.124.30.27
firstlogin: 1461280704298.000000
lastlogin: 1461280704301.000000
...
