---
password: 138ead960f94c6d483aff7a9f794572c75f82163
ip: 112.198.118.11
firstlogin: 1462338127925.000000
lastlogin: 1462338127927.000000
...
