---
password: 6dfa4fb82f3813bbba02a81e643702f5219224a6
ip: 97.90.201.65
firstlogin: 1462157082927.000000
lastlogin: 1462157082930.000000
...
