---
password: 273b2df340615075c367cddaeac8f6e107cb8656
ip: 71.7.164.1
firstlogin: 1461080443127.000000
lastlogin: 1461080501979.000000
...
