---
password: 2cf65fa1ddf2fb4fd98c6c0228cdfe74af8dfa86
ip: 89.24.238.203
firstlogin: 1461343359753.000000
lastlogin: 1461343359758.000000
...
