---
password: 6367c48dd193d56ea7b0baad25b19455e529f5ee
ip: 99.240.235.126
firstlogin: 1462139176388.000000
lastlogin: 1462139176393.000000
...
