---
password: 4d9012b4a77a9524d675dad27c3276ab5705e5e8
ip: 95.186.90.26
firstlogin: 1461321462244.000000
lastlogin: 1461321462247.000000
...
