---
password: 31b859d9d7b284c64a30b45873fe490ef9e297b5
ip: 188.101.30.188
firstlogin: 1461323506937.000000
lastlogin: 1461323506942.000000
...
