---
password: 4bc27dfc5b047a7b9d5f85ea5785074101a18563
ip: 70.190.88.237
firstlogin: 1461281083497.000000
lastlogin: 1461769234495.000000
...
