---
password: 1d70747d1b440d72eec6b6bf96315bad2a9813a8
ip: 184.21.224.239
firstlogin: 1461380344807.000000
lastlogin: 1461380344810.000000
...
