---
password: 2bdf3ecbc5f92c34088d5bdbf8474011b603ca42
ip: 94.69.121.167
firstlogin: 1460998729181.000000
lastlogin: 1460998729183.000000
...
