---
password: 1c2b0d17c738509518ecc6efa233ee6c10e724f2
ip: 184.61.252.34
firstlogin: 1462116361951.000000
lastlogin: 1462631391224.000000
...
