---
password: 1c2b0d17c738509518ecc6efa233ee6c10e724f2
ip: 108.23.181.114
firstlogin: 1462669094980.000000
lastlogin: 1462669094989.000000
...
