---
password: 6060b9b23adb400770574ff5133a6bc985eb0a15
ip: 67.181.187.198
firstlogin: 1461431238843.000000
lastlogin: 1461431238852.000000
...
