---
password: 6b2a321b2af9231f4ada012ea543bfefe3f39e64
ip: 86.19.115.218
firstlogin: 1461352106876.000000
lastlogin: 1461352106879.000000
...
