---
password: 3593586c57d1e6ca73218b7091e9d731e69a8467
ip: 172.98.87.151
firstlogin: 1461106762545.000000
lastlogin: 1461106762548.000000
...
