---
password: 2aeaaf4e08d4bdbe819ea9f8b80cd81b210a413b
ip: 64.113.122.153
firstlogin: 1461282865074.000000
lastlogin: 1461282865076.000000
...
