---
password: 80217bc37ef5e87e7a4567e6fe3f3f9dcdb16fff
ip: 173.78.6.222
firstlogin: 1461361924054.000000
lastlogin: 1461361924060.000000
...
