---
password: 2a52e2c74e56f2598b199d0f5edef409027dc47a
ip: 178.128.185.17
firstlogin: 1461315614578.000000
lastlogin: 1461315614581.000000
...
