---
password: 219c5098f8c62ca95ae4b111006149dcbfdf55ea
ip: 50.86.55.142
firstlogin: 1461294708009.000000
lastlogin: 1461294708019.000000
...
