---
password: 84e674eead534e59b58af5a9b172bb241b5f8799
ip: 92.22.0.206
firstlogin: 1462201095564.000000
lastlogin: 1462201095566.000000
...
