---
password: 7b446b5452ad653772491c3de149261ba263f521
ip: 189.48.75.158
firstlogin: 1461773859621.000000
lastlogin: 1461773859623.000000
...
