---
password: 3eb6053d77f4664843e955b2a9d1218b69c250ec
ip: 71.177.232.62
firstlogin: 1461034087666.000000
lastlogin: 1461034087676.000000
...
