---
password: 52d42e1aa64c4da695468b0a85dcb1349d0aae6b
ip: 191.23.6.134
firstlogin: 1461294920320.000000
lastlogin: 1461294920330.000000
...
