---
password: 20eabe5d64b0e216796e834f52d61fd0b70332fc
ip: 37.107.212.117
firstlogin: 1461313985353.000000
lastlogin: 1461313985356.000000
...
