---
password: 1c2b0d17c738509518ecc6efa233ee6c10e724f2
ip: 75.177.47.183
firstlogin: 1461618060139.000000
lastlogin: 1461618060142.000000
...
