---
password: 3fe95a299ce385ff3560178038eb0e5b8b2ea726
ip: 1.47.227.183
firstlogin: 1461370915224.000000
lastlogin: 1461370915226.000000
...
