---
password: 8d10b2a3717b0d51a653cca773320e1d9c4104a1
ip: 5.170.131.187
firstlogin: 1461072581447.000000
lastlogin: 1461072581453.000000
...
