---
password: 293662475dbe4235a50a011325b9e878194dfcca
ip: 109.95.18.35
firstlogin: 1461356211339.000000
lastlogin: 1461356211341.000000
...
