---
password: 6938b6d35a7d264feb9175a6ca526ff90e5bc093
ip: 64.92.0.43
firstlogin: 1461260894650.000000
lastlogin: 1461278058653.000000
...
