---
password: 4ebb616334cbe1a8b902aa91a5975bb90d31a665
ip: 109.215.39.120
firstlogin: 1462199821070.000000
lastlogin: 1462199821072.000000
...
