---
password: 601f1889667efaebb33b8c12572835da3f027f78
ip: 72.241.124.61
firstlogin: 1461277951356.000000
lastlogin: 1461326002978.000000
...
