---
password: 9299b2a61bb26c08e468354079cadbc5ca35f664
ip: 98.116.142.200
firstlogin: 1461094967744.000000
lastlogin: 1461094967747.000000
...
