---
password: 33e762934503794377cbdf383cd5ed72f4381678
ip: 174.49.147.253
firstlogin: 1461800249086.000000
lastlogin: 1461800249088.000000
...
