---
password: 7c4c4c6e6e94bcda4e9ea345af98fc3ea3c08220
ip: 86.159.231.127
firstlogin: 1461999835719.000000
lastlogin: 1462644200784.000000
...
