---
password: 909ad9675d1f44ba368a7430a3d5c74d0b05a820
ip: 188.81.157.153
firstlogin: 1461351153528.000000
lastlogin: 1461351153531.000000
...
