---
password: 18448caf11dd7657de3856ea67b83d25b40455c4
ip: 94.6.48.178
firstlogin: 1462141132614.000000
lastlogin: 1462141142713.000000
...
