---
password: 4c8af4082f211fa7fa003d511ebb07d6b51599d2
ip: 178.121.97.20
firstlogin: 1462693790522.000000
lastlogin: 1462693790525.000000
...
