---
password: 3d9128fb024eff2a0ea8be2cadcd96522f1af53e
ip: 177.1.21.160
firstlogin: 1461275910577.000000
lastlogin: 1461275910581.000000
...
