---
password: 5baa61e4c9b93f3f0682250b6cf8331b7ee68fd8
ip: 108.202.142.188
firstlogin: 1461382199948.000000
lastlogin: 1462072226943.000000
...
