---
password: 9ce5770b3bb4b2a1d59be2d97e34379cd192299f
ip: 100.8.142.101
firstlogin: 1462725204832.000000
lastlogin: 1462725204839.000000
...
