---
password: 3f3f851c0ce8ecf0dbf23bfd06a93a6d0490e3a4
ip: 49.145.133.252
firstlogin: 1461306058958.000000
lastlogin: 1461306058961.000000
...
