---
password: 7c4a8d09ca3762af61e59520943dc26494f8941b
ip: 162.203.168.145
firstlogin: 1461361472969.000000
lastlogin: 1461361472973.000000
...
