---
password: 920dcc16d0577203fd8f5ea43e7523e90a2e9c33
ip: 78.138.179.159
firstlogin: 1461345847118.000000
lastlogin: 1461345847121.000000
...
