---
password: 7b3138d3476df65464466428dad6a9f1f35c47bb
ip: 188.2.67.243
firstlogin: 1461358057307.000000
lastlogin: 1461358057310.000000
...
