---
password: 6d1b38b1206f573558cda219d85b9fdd8946bb61
ip: 200.121.158.107
firstlogin: 1462154780942.000000
lastlogin: 1462224642034.000000
...
