---
password: 6367c48dd193d56ea7b0baad25b19455e529f5ee
ip: 50.53.29.247
firstlogin: 1460923000357.000000
lastlogin: 1461088841652.000000
...
