---
password: 9d4522a134dede840f34645ece3f5dcad8c8cd80
ip: 191.103.247.217
firstlogin: 1461270171547.000000
lastlogin: 1461270171550.000000
...
