---
password: 4f57e66f36a95aa4bcb7670b283dd6925912d0a8
ip: 77.234.40.147
firstlogin: 1461314928628.000000
lastlogin: 1461314928632.000000
...
