---
password: 86c00d26be5a4e61a2ffce235802461c25664964
ip: 78.17.18.118
firstlogin: 1461309699695.000000
lastlogin: 1461309699698.000000
...
