---
password: 1c2b0d17c738509518ecc6efa233ee6c10e724f2
ip: 71.91.216.196
firstlogin: 1460906031196.000000
lastlogin: 1461512038524.000000
...
