---
password: 2383addf71d904bcac1c833188dea44adc5e3472
ip: 209.150.35.103
firstlogin: 1461367788999.000000
lastlogin: 1461367789004.000000
...
