---
password: 1c2b0d17c738509518ecc6efa233ee6c10e724f2
ip: 71.163.242.27
firstlogin: 1461512378959.000000
lastlogin: 1461512378962.000000
...
