---
password: 1c2b0d17c738509518ecc6efa233ee6c10e724f2
ip: 120.155.186.236
firstlogin: 1461996660656.000000
lastlogin: 1461996660659.000000
...
