---
password: 29448c0652d135387ee40a38db4f2c394bdefa66
ip: 112.209.207.239
firstlogin: 1462330692350.000000
lastlogin: 1462330692353.000000
...
