---
password: 6420ed4d831b436d1e92d25605d18297296374e3
ip: 69.255.173.233
firstlogin: 1461378436935.000000
lastlogin: 1461378436943.000000
...
