---
password: 89e89c17f877ca2821b557f633cec3253b0aa941
ip: 104.183.148.218
firstlogin: 1461382269294.000000
lastlogin: 1461382269297.000000
...
