---
password: 09f655f960f478a2e424ebfd0c062590d1021ed6
ip: 73.160.153.173
firstlogin: 1461291900707.000000
lastlogin: 1461291900719.000000
...
