---
password: 73cac6b2d2a11515dd1dfda88cbdcd66af9be8bc
ip: 76.219.80.226
firstlogin: 1461276803186.000000
lastlogin: 1461276803190.000000
...
