---
password: 118b681d284b2efc311756d6374ee354ab335199
ip: 95.27.246.240
firstlogin: 1461323194684.000000
lastlogin: 1461323194687.000000
...
