---
password: 2ac3451fcc4581e27d7997ff52311936bbf72a64
ip: 174.31.183.241
firstlogin: 1462322259587.000000
lastlogin: 1462322259591.000000
...
