---
password: 1c2b0d17c738509518ecc6efa233ee6c10e724f2
ip: 119.94.171.4
firstlogin: 1461284713159.000000
lastlogin: 1461284713162.000000
...
