---
password: 24c3d19b8d127fe8f7274108156a718ec56fc6e6
ip: 189.252.2.36
firstlogin: 1462498942412.000000
lastlogin: 1462498942415.000000
...
