---
password: 5cf22c0345ea179abdf388c85019560e0a60cc85
ip: 24.184.111.207
firstlogin: 1461384789280.000000
lastlogin: 1461384789287.000000
...
