---
password: 1c2b0d17c738509518ecc6efa233ee6c10e724f2
ip: 99.6.213.235
firstlogin: 1461280101377.000000
lastlogin: 1461334355750.000000
...
