---
password: 5baa61e4c9b93f3f0682250b6cf8331b7ee68fd8
ip: 73.244.151.117
firstlogin: 1461984905295.000000
lastlogin: 1461984905304.000000
...
