---
password: 8bd7954c40c1e59a900f71ea3a266732609915b1
ip: 60.242.67.187
firstlogin: 1461110403097.000000
lastlogin: 1461110403110.000000
...
