---
password: 5baa61e4c9b93f3f0682250b6cf8331b7ee68fd8
ip: 24.209.191.26
firstlogin: 1461283612918.000000
lastlogin: 1461347940494.000000
...
