---
password: 8fd3a1ebca0f453b13ac3506b1f35037f425edb1
ip: 108.94.146.234
firstlogin: 1462423538701.000000
lastlogin: 1462423538705.000000
...
