---
password: 474a0eec626e47602748c197d59b6b79ab53a318
ip: 82.244.247.47
firstlogin: 1460907479265.000000
lastlogin: 1460907479594.000000
...
