---
password: 52a669daaceec13675c593b57d44923945a86366
ip: 183.80.201.102
firstlogin: 1461331346200.000000
lastlogin: 1461331346203.000000
...
