---
password: 59e5168e222802d551d884045804635ffb7ada05
ip: 86.155.87.140
firstlogin: 1462704677478.000000
lastlogin: 1462704677481.000000
...
