---
password: 2c1f34a9883c4118e40ad1ff3ba97ce182e1841c
ip: 49.150.91.2
firstlogin: 1461303869483.000000
lastlogin: 1462683418407.000000
...
