---
password: 84de6753b298abd027fcd1d790eade2413eafb5a
ip: 95.151.95.122
firstlogin: 1462624282949.000000
lastlogin: 1462636231461.000000
...
