---
password: 88593a0892e1667fd20364f10d62d4104ac347ec
ip: 74.124.141.145
firstlogin: 1461327963465.000000
lastlogin: 1461327963469.000000
...
