---
password: 9244608391055091c2e0c579fa509408c8ed0cab
ip: 76.192.62.246
firstlogin: 1461347199690.000000
lastlogin: 1461347199693.000000
...
