---
password: 7bf4f261a2fce168f6ea36c0424702683091fdc6
ip: 212.2.238.132
firstlogin: 1461345065818.000000
lastlogin: 1461345065826.000000
...
