---
password: 4ac8c86b394a770cf3e12bb3ed55c26b60ca2c6d
ip: 74.194.44.111
firstlogin: 1461809484304.000000
lastlogin: 1461809484315.000000
...
