---
password: 5798336133343fd683c5b1471d10f05470b0e58e
ip: 108.85.107.102
firstlogin: 1461374980681.000000
lastlogin: 1461374980686.000000
...
