---
password: 5baa61e4c9b93f3f0682250b6cf8331b7ee68fd8
ip: 76.105.123.179
firstlogin: 1461386452318.000000
lastlogin: 1461386452321.000000
...
