---
password: 37cfba7d5865bcda32dd38d6832784f51e89e2b3
ip: 209.34.25.149
firstlogin: 1462630276187.000000
lastlogin: 1462630276194.000000
...
