---
password: 1c2b0d17c738509518ecc6efa233ee6c10e724f2
ip: 94.214.172.244
firstlogin: 1460996299325.000000
lastlogin: 1461083881113.000000
...
