---
password: 59c826fc854197cbd4d1083bce8fc00d0761e8b3
ip: 108.215.185.152
firstlogin: 1461026424440.000000
lastlogin: 1461026424444.000000
...
