---
password: 7c4a8d09ca3762af61e59520943dc26494f8941b
ip: 71.177.159.96
firstlogin: 1462670682112.000000
lastlogin: 1462681352958.000000
...
