---
password: 1c2b0d17c738509518ecc6efa233ee6c10e724f2
ip: 73.214.192.218
firstlogin: 1461279657799.000000
lastlogin: 1461279657801.000000
...
