---
password: 11b2066f58df6a1f066ec773ae7cc43e2841e267
ip: 125.239.182.107
firstlogin: 1461995913332.000000
lastlogin: 1461995913334.000000
...
