---
password: 63b68eb9ceb46274ea49a1ac9f45f01e17e32769
ip: 83.5.47.105
firstlogin: 1461267016276.000000
lastlogin: 1461351540101.000000
...
