---
password: 4824bbe4b537ec6c880b2fa23ee82c5193d58e06
ip: 130.105.77.119
firstlogin: 1461320774802.000000
lastlogin: 1461320774807.000000
...
