---
password: 09e282707b2a63d24235a95506edd509dfa62760
ip: 76.222.217.200
firstlogin: 1462153951826.000000
lastlogin: 1462153951832.000000
...
