---
password: 70b790e53b9a5d642d73fc7fc15e5d2481d397b7
ip: 183.171.168.38
firstlogin: 1461364934536.000000
lastlogin: 1461364934549.000000
...
