---
password: 9f9b201a6f8bd809f0a82210d847bfa02d2011b2
ip: 73.164.8.45
firstlogin: 1462493834600.000000
lastlogin: 1462493834602.000000
...
