---
password: 9e65a2e7b368c78fefe779091e2ebb27a5f18173
ip: 112.204.197.229
firstlogin: 1462623737558.000000
lastlogin: 1462623737563.000000
...
