---
password: 8cb2237d0679ca88db6464eac60da96345513964
ip: 78.178.120.131
firstlogin: 1461768875220.000000
lastlogin: 1461768875222.000000
...
