---
password: 7e318d58304947b0d4a7e994efc9662a39b039e3
ip: 178.126.10.184
firstlogin: 1461326697645.000000
lastlogin: 1461326697647.000000
...
