---
password: 16e6898c5ae9dcb42637c018caddd5c46a748c9d
ip: 78.101.77.238
firstlogin: 1461166875751.000000
lastlogin: 1461254325243.000000
...
