---
password: 20eabe5d64b0e216796e834f52d61fd0b70332fc
ip: 189.105.157.10
firstlogin: 1462206428491.000000
lastlogin: 1462206428494.000000
...
