---
password: 7901cf0454589fa3ad77edd7ed74cf425a680932
ip: 50.154.68.40
firstlogin: 1461265472318.000000
lastlogin: 1461265472321.000000
...
