---
password: 461476587780aa9fa5611ea6dc3912c146a91760
ip: 73.73.183.71
firstlogin: 1461298753139.000000
lastlogin: 1461298753142.000000
...
