---
password: 2512215f2d84f1feabd399429d2a4e91c4ddf80d
ip: 177.53.56.124
firstlogin: 1460998420113.000000
lastlogin: 1460998420115.000000
...
