---
password: 84251cd47bcbd889412ef890f9c6a5fa84b6c557
ip: 70.64.81.234
firstlogin: 1462574540634.000000
lastlogin: 1462574540637.000000
...
