---
password: 1c2b0d17c738509518ecc6efa233ee6c10e724f2
ip: 64.237.224.74
firstlogin: 1461510212259.000000
lastlogin: 1461521529595.000000
...
