---
password: 4eb818b9a461a5631fe94ea4a842d19ece69b326
ip: 84.21.120.156
firstlogin: 1462639820735.000000
lastlogin: 1462639820737.000000
...
