---
password: 88cacb3050c47cc412f73b2a91caeae620e2dc69
ip: 70.55.101.116
firstlogin: 1461273835307.000000
lastlogin: 1461273835311.000000
...
