---
password: 1e5fa75167de66d119ca333f8f872625ffbc5b30
ip: 71.63.68.134
firstlogin: 1462650538474.000000
lastlogin: 1462650538476.000000
...
