---
password: 3e4b90c780edcaf77d31fc47bc8d9d17dcc7da92
ip: 76.111.174.106
firstlogin: 1462640800007.000000
lastlogin: 1462649249324.000000
...
