---
password: 840e9c93196b2044f1d25262400642149f799937
ip: 50.160.160.132
firstlogin: 1460949175940.000000
lastlogin: 1461264759336.000000
...
