---
password: 18a98c35f49808b45edadc75fb1b25ebfd4037d6
ip: 49.147.185.83
firstlogin: 1462338477154.000000
lastlogin: 1462338481040.000000
...
