---
password: 30cb5f2e8afebbe05bbba6f70b16cdc9744b0b94
ip: 122.2.6.165
firstlogin: 1461306647872.000000
lastlogin: 1461306647874.000000
...
