---
password: 1c2b0d17c738509518ecc6efa233ee6c10e724f2
ip: 114.108.216.37
firstlogin: 1461333663434.000000
lastlogin: 1461333663436.000000
...
