---
password: 35b53dfa2315cd1fcf7f91e16dd7e1cb3e7b809a
ip: 70.190.75.62
firstlogin: 1461299831505.000000
lastlogin: 1461299831508.000000
...
