---
password: 1c2b0d17c738509518ecc6efa233ee6c10e724f2
ip: 199.168.78.44
firstlogin: 1461360337661.000000
lastlogin: 1461360337664.000000
...
