---
password: 8e75ed12e4e01f47b5387c11f16d385ea9f08d01
ip: 198.2.70.148
firstlogin: 1462048810688.000000
lastlogin: 1462048810691.000000
...
