---
password: 6795212b4b4ef2ea1e454a8a82ceaa98cc8725c1
ip: 104.34.53.116
firstlogin: 1461432034773.000000
lastlogin: 1462586433961.000000
...
