---
password: 01914cfa0627b9669f725f71fe16620498ad70c1
ip: 203.87.236.11
firstlogin: 1461787703435.000000
lastlogin: 1461787703437.000000
...
