---
password: 1f6ccd2be75f1cc94a22a773eea8f8aeb5c68217
ip: 174.23.232.201
firstlogin: 1461968678555.000000
lastlogin: 1461968678574.000000
...
