---
password: 5baa61e4c9b93f3f0682250b6cf8331b7ee68fd8
ip: 112.198.103.226
firstlogin: 1461326763527.000000
lastlogin: 1461378689166.000000
...
