---
password: 8d14a09c82321d113356ec70fc8ed88fb85a613d
ip: 76.121.235.122
firstlogin: 1461286758006.000000
lastlogin: 1461538933116.000000
...
