---
password: 6b3c068252574c888ec7bb31f5d88e102640ef39
ip: 63.143.98.22
firstlogin: 1461350063576.000000
lastlogin: 1461350063578.000000
...
