---
password: 90635257d1292ba46d8dacae4697b1b53d34c22b
ip: 70.28.232.210
firstlogin: 1461421195886.000000
lastlogin: 1461421195896.000000
...
