---
password: 86f65e5f234c562b8e5625d0f44145996d4cd116
ip: 68.185.82.134
firstlogin: 1461437760123.000000
lastlogin: 1461437760125.000000
...
