---
password: 3abbc987f902333cf0c53d406aee1c24b7813263
ip: 71.81.77.26
firstlogin: 1461379533111.000000
lastlogin: 1461379533116.000000
...
