---
password: 9a745b6d42bec04500925163b93a13388436e201
ip: 108.222.246.208
firstlogin: 1462643992387.000000
lastlogin: 1462644129458.000000
...
