---
password: 34a1ca3c6f235a31f3f1d505a566192b732f7d9f
ip: 92.83.8.56
firstlogin: 1461323353069.000000
lastlogin: 1461323353071.000000
...
