---
password: 627e06996a4f87f67da4483984318cd37b7e046b
ip: 70.172.233.129
firstlogin: 1461291684824.000000
lastlogin: 1461291882934.000000
...
