---
password: 01a4c628bf98d409ada357ab6ad62302160d8013
ip: 80.180.118.89
firstlogin: 1461069093845.000000
lastlogin: 1461069093847.000000
...
