---
password: 1c2b0d17c738509518ecc6efa233ee6c10e724f2
ip: 70.48.153.202
firstlogin: 1460906448719.000000
lastlogin: 1461426780082.000000
...
