---
password: 7a60582823944d7619eb006b8ea8b7e1c3629c70
ip: 114.37.141.49
firstlogin: 1461316397719.000000
lastlogin: 1461316397724.000000
...
