---
password: 00dad5a7ae36e85198d9c065f1338f8aad773e1e
ip: 200.83.100.93
firstlogin: 1461348418769.000000
lastlogin: 1461348418772.000000
...
