---
password: 2a412ae07b7993bf3612eb94431a9d06e919550c
ip: 77.49.180.181
firstlogin: 1460906721131.000000
lastlogin: 1461847258727.000000
...
