---
password: 4c00425b5e161fa02f752a1099dabeeb98d244ed
ip: 88.185.145.126
firstlogin: 1462713506606.000000
lastlogin: 1462713511051.000000
...
