---
password: 2b3455c55c174645fdc641f24777d164e4486137
ip: 172.78.206.132
firstlogin: 1462584405225.000000
lastlogin: 1462664699276.000000
...
