---
password: 77a8202b6ae1a592a5c707ba23bebbad7bb23959
ip: 68.230.5.60
firstlogin: 1461534099884.000000
lastlogin: 1461534099894.000000
...
