---
password: 595bb29e7421f12cb23c5a48b50b1d9bd24727ed
ip: 203.87.173.61
firstlogin: 1461818527356.000000
lastlogin: 1461818527361.000000
...
