---
password: 2736fab291f04e69b62d490c3c09361f5b82461a
ip: 139.192.182.106
firstlogin: 1461333800672.000000
lastlogin: 1461333800675.000000
...
