---
password: 3d16c00ea5e6ea0de3ce0a04724885f2fc30401a
ip: 76.6.142.221
firstlogin: 1462726917746.000000
lastlogin: 1462726917749.000000
...
