---
password: 00df17539cb74a8c731b38d04b9a177f0f7065e5
ip: 104.153.134.111
firstlogin: 1461929800749.000000
lastlogin: 1462191180624.000000
...
