---
password: 0962343ea09f18cd156e5685e1b385d0fec56c8c
ip: 179.215.39.42
firstlogin: 1461371275606.000000
lastlogin: 1461371275610.000000
...
