---
password: 0efa7de880dd86a1dfa5d332347c62b32518e318
ip: 172.89.135.149
firstlogin: 1462598422945.000000
lastlogin: 1462598422948.000000
...
