---
password: 9597bec4dbec727d3781113cf48202bbf702b1de
ip: 112.200.215.7
firstlogin: 1461301616426.000000
lastlogin: 1461301616428.000000
...
