---
password: 1c2b0d17c738509518ecc6efa233ee6c10e724f2
ip: 68.36.76.180
firstlogin: 1462320151699.000000
lastlogin: 1462320151703.000000
...
