---
password: 506bf6c05f5bfc82144a96650ec8272e74e9204e
ip: 173.66.105.58
firstlogin: 1461286684415.000000
lastlogin: 1461360522629.000000
...
