---
password: 75187a6914cae94e2c26bfae01e15b6d6717febb
ip: 104.8.113.85
firstlogin: 1461385035240.000000
lastlogin: 1461385035243.000000
...
