---
password: 5baa61e4c9b93f3f0682250b6cf8331b7ee68fd8
ip: 43.239.73.148
firstlogin: 1461318429063.000000
lastlogin: 1461318429065.000000
...
