---
password: 9a6b5302f9d9f41c11365fc027b8ed345571f9ef
ip: 101.98.169.110
firstlogin: 1461312447088.000000
lastlogin: 1461312447106.000000
...
