---
password: 558eb44ea216a02b1219dd5640b0d03c2449dc23
ip: 166.170.48.74
firstlogin: 1461279998102.000000
lastlogin: 1461376534343.000000
...
