---
password: 55e8a12aaa5646996826cb38966c51bbe8dcaf02
ip: 181.14.211.108
firstlogin: 1460935668081.000000
lastlogin: 1461264977954.000000
...
