---
password: 21344cb07e6287a76395c615051251798391e2cc
ip: 78.2.195.35
firstlogin: 1461381726719.000000
lastlogin: 1462336486146.000000
...
