---
password: 9d25f3b6ab8cfba5d2d68dc8d062988534a63e87
ip: 97.93.153.219
firstlogin: 1461308428024.000000
lastlogin: 1461308428030.000000
...
