---
password: 69af0703fd2f6691656cc320c36c9efb4d514870
ip: 85.167.115.166
firstlogin: 1461002781879.000000
lastlogin: 1461002781882.000000
...
