---
password: 1c2b0d17c738509518ecc6efa233ee6c10e724f2
ip: 36.72.14.132
firstlogin: 1461295459911.000000
lastlogin: 1461295915401.000000
...
