---
password: 7288edd0fc3ffcbe93a0cf06e3568e28521687bc
ip: 112.203.3.209
firstlogin: 1461287556001.000000
lastlogin: 1461287556007.000000
...
