---
password: 785a9ae4d200794e1c12da2ce1641557cc95a541
ip: 108.238.56.237
firstlogin: 1462719267468.000000
lastlogin: 1462719267473.000000
...
