---
password: 56bd702eea84566c1f9937a6f76b31930bbc35bb
ip: 109.101.96.83
firstlogin: 1461346380007.000000
lastlogin: 1461346409605.000000
...
