---
password: 1376200bcbf103eda1c3c45b73fe2ff9b2a64dba
ip: 88.216.9.60
firstlogin: 1461300916354.000000
lastlogin: 1461300916356.000000
...
