---
password: 01b3f1c48766b236695ec0b9c7599940ecf24dc6
ip: 109.101.108.13
firstlogin: 1461268838964.000000
lastlogin: 1461268838966.000000
...
