---
password: 28dee1b450c4d5d755d0e7bfe5d06e315f563c06
ip: 66.30.202.148
firstlogin: 1462407752431.000000
lastlogin: 1462407752441.000000
...
