---
password: 23582ed5a44d8eeeed57c33feadfaf3e72837fb3
ip: 121.54.58.246
firstlogin: 1461424031379.000000
lastlogin: 1461424031381.000000
...
