---
password: 46ded309fa356dae8366283f773eb2da44f44e8b
ip: 174.52.201.16
firstlogin: 1461302286362.000000
lastlogin: 1461302286365.000000
...
