---
password: 761ddd493cab262aaba1f830c21d49972f0b992a
ip: 179.199.141.54
firstlogin: 1462035152312.000000
lastlogin: 1462035152317.000000
...
