---
password: 78f45b4b305a6893f0a7a64dfa096d8fb9909db9
ip: 68.225.100.118
firstlogin: 1460948941476.000000
lastlogin: 1462664333603.000000
...
