---
password: 8cfa0f39087f6c70f2131cf913a2e63d044c3b4d
ip: 82.75.44.228
firstlogin: 1460913666414.000000
lastlogin: 1461074942157.000000
...
