---
password: 41bd461679348d29570b2863897b7748ebfc78be
ip: 181.49.69.90
firstlogin: 1461374738536.000000
lastlogin: 1461374738539.000000
...
