---
password: 07fe73af1f604a8033be8f794ba532a5040b3095
ip: 108.5.191.136
firstlogin: 1461112677783.000000
lastlogin: 1462532983120.000000
...
