---
password: 2736fab291f04e69b62d490c3c09361f5b82461a
ip: 36.75.229.216
firstlogin: 1461319251606.000000
lastlogin: 1461319251609.000000
...
