---
password: 11fa436247649850dbcf4f7c3f651cccaaad0cbb
ip: 121.54.44.93
firstlogin: 1462429574838.000000
lastlogin: 1462429574840.000000
...
