---
password: 9d68b36d49b5c3a0cad693ad5f71a27c1c87b0aa
ip: 72.64.102.115
firstlogin: 1461291561019.000000
lastlogin: 1461367292060.000000
...
