---
password: 9fb3df4134587043963e735d7d7d0505cfe2a14e
ip: 95.245.208.216
firstlogin: 1462206478884.000000
lastlogin: 1462206478887.000000
...
