---
password: 30868d61473f4e33b6b5749f5daecede139c4110
ip: 182.55.218.87
firstlogin: 1461306490223.000000
lastlogin: 1461306490227.000000
...
