---
password: 935a8fb1aaf10f37df1e73c09ecc212dc3b8ab08
ip: 122.105.102.72
firstlogin: 1461386998127.000000
lastlogin: 1461386998129.000000
...
