---
password: 61fc0a3dd032474160123ae4326f461fe7703661
ip: 99.227.174.247
firstlogin: 1461276965432.000000
lastlogin: 1462337859007.000000
...
