---
password: 246644269096ff0475855037cf72fc65845c8b98
ip: 70.26.204.190
firstlogin: 1461374278913.000000
lastlogin: 1461374278916.000000
...
