---
password: 4b7078123c2be7560af727d32bb9ce748801d067
ip: 114.143.56.149
firstlogin: 1462624849089.000000
lastlogin: 1462624849091.000000
...
