---
password: 5476e8ff5b954032636d5a98890dd61d4cf4d36f
ip: 66.38.117.254
firstlogin: 1461516137184.000000
lastlogin: 1461516137187.000000
...
