---
password: 65fbbedc66c10180d4d37806b27b20b2a8c05e68
ip: 73.150.15.198
firstlogin: 1461431011181.000000
lastlogin: 1461431011183.000000
...
