---
password: 43e5324adc34af8bd5da62f744a8577320631534
ip: 14.203.247.88
firstlogin: 1460926061905.000000
lastlogin: 1461789980628.000000
...
