---
password: 463d1e9043a2e8a81a024486258946853c682fcd
ip: 91.10.205.232
firstlogin: 1461321808359.000000
lastlogin: 1461321808370.000000
...
