---
password: 5c6d9edc3a951cda763f650235cfc41a3fc23fe8
ip: 184.53.33.6
firstlogin: 1461305250759.000000
lastlogin: 1461305250761.000000
...
