---
password: 6499ee54e55a6db6e224a1328e9a3e038e52ceb8
ip: 174.134.44.175
firstlogin: 1461366580921.000000
lastlogin: 1461366580924.000000
...
