---
password: 679768013ed948256e326061ebfa3470d27f0f25
ip: 92.24.215.186
firstlogin: 1461305884944.000000
lastlogin: 1461305884954.000000
...
