---
password: 3f1f5a56d2672313f4fa5971907ccefe1bddea12
ip: 94.194.5.45
firstlogin: 1461436383099.000000
lastlogin: 1462113348828.000000
...
