---
password: 99800b85d3383e3a2fb45eb7d0066a4879a9dad0
ip: 201.143.102.182
firstlogin: 1461026950248.000000
lastlogin: 1461441972855.000000
...
