---
password: 61f3de69e4633a648fa0b7fd0c087795f035465a
ip: 76.122.245.198
firstlogin: 1462052787569.000000
lastlogin: 1462052787572.000000
...
