---
password: 689d8044f03a29d70365bfab55dd4b940d21646f
ip: 5.12.236.178
firstlogin: 1461341666240.000000
lastlogin: 1461341666251.000000
...
