---
password: 2b97278a97b1eeb5a762c215a5fd27b4fec7a7ba
ip: 108.215.98.152
firstlogin: 1462325994975.000000
lastlogin: 1462325994981.000000
...
