---
password: 624c22a8c8f8c93f18fe5ecd4713100c8d754507
ip: 103.238.68.242
firstlogin: 1461387137592.000000
lastlogin: 1461387137594.000000
...
