---
password: 8654052c8883037364df96e2ce11d5a7c930ec86
ip: 89.139.235.215
firstlogin: 1462029094306.000000
lastlogin: 1462029094309.000000
...
