---
password: 4fccf53d6f81c142d7fc2dcbbec83eb527e93f0d
ip: 96.20.220.128
firstlogin: 1461340408860.000000
lastlogin: 1461340408862.000000
...
