---
password: 3d9128fb024eff2a0ea8be2cadcd96522f1af53e
ip: 177.36.173.79
firstlogin: 1461357236460.000000
lastlogin: 1461357236474.000000
...
