---
password: 1c2b0d17c738509518ecc6efa233ee6c10e724f2
ip: 104.172.180.234
firstlogin: 1461362690156.000000
lastlogin: 1461714849838.000000
...
