---
password: 9ed86860cadbcc4c9138158c38d0e9abb63ba1ce
ip: 223.206.247.167
firstlogin: 1461293669537.000000
lastlogin: 1461293669545.000000
...
