---
password: 1c2b0d17c738509518ecc6efa233ee6c10e724f2
ip: 68.227.100.135
firstlogin: 1461293451881.000000
lastlogin: 1461518302338.000000
...
