---
password: 624c22a8c8f8c93f18fe5ecd4713100c8d754507
ip: 2.238.228.26
firstlogin: 1461000981942.000000
lastlogin: 1461000981952.000000
...
