---
password: 7c222fb2927d828af22f592134e8932480637c0d
ip: 73.249.197.165
firstlogin: 1462039120940.000000
lastlogin: 1462039120943.000000
...
