---
password: 3d9128fb024eff2a0ea8be2cadcd96522f1af53e
ip: 2.82.61.59
firstlogin: 1462650534436.000000
lastlogin: 1462650534439.000000
...
