---
password: 786c6f804f8a4123a996e4cce6c8da4c0e7fa4d6
ip: 177.13.42.1
firstlogin: 1461264773679.000000
lastlogin: 1461264773682.000000
...
