---
password: 1d42cdf250497dc4d1d75b47d709069d4cd9f816
ip: 180.252.71.105
firstlogin: 1461311614147.000000
lastlogin: 1461311614150.000000
...
