---
password: 3300bc16c6e7e488d3704035632767c89496460f
ip: 204.212.121.183
firstlogin: 1462149982411.000000
lastlogin: 1462149982416.000000
...
