---
password: 9d610c60a0afd9f6cab6176865d7903e6c0997f5
ip: 212.252.19.126
firstlogin: 1461263415059.000000
lastlogin: 1461263415061.000000
...
