---
password: 6de0b29c7de270adb97aa7bc77c43b595c0826cc
ip: 139.192.162.138
firstlogin: 1461585322409.000000
lastlogin: 1461585322411.000000
...
