---
password: 3faf7ed52fa83d583fc670a96bcf92da270d0767
ip: 77.203.203.40
firstlogin: 1462490450899.000000
lastlogin: 1462490564592.000000
...
