---
password: 81b06facd90fe7a6e9bbd9cee59736a79105b7be
ip: 60.231.61.108
firstlogin: 1461324450942.000000
lastlogin: 1461324462938.000000
...
