---
password: 35d99944e45904b1afb8fa7c8343469fe58dab83
ip: 173.170.161.43
firstlogin: 1461094710861.000000
lastlogin: 1461094710864.000000
...
