---
password: 30e0258b9c77edf74de023d906fb43dbde0bdef4
ip: 185.57.31.5
firstlogin: 1461304818400.000000
lastlogin: 1461304818403.000000
...
