---
password: 1ebdbf46143afbf7792d6f702e0a86b5645be09a
ip: 177.179.89.181
firstlogin: 1461377545173.000000
lastlogin: 1461377545176.000000
...
