---
password: 4706af4b48626a72f4d7cf6bedaebeb30b75a80d
ip: 112.198.118.185
firstlogin: 1461321790407.000000
lastlogin: 1461321790410.000000
...
