---
password: 398ed329814977519b9f899253338884a2ba941f
ip: 96.226.243.251
firstlogin: 1462725442482.000000
lastlogin: 1462725442487.000000
...
