---
password: 3831280a81c06bba614e3fa2414e92873decbad3
ip: 67.186.46.10
firstlogin: 1460920117051.000000
lastlogin: 1461010920540.000000
...
