---
password: 5baa61e4c9b93f3f0682250b6cf8331b7ee68fd8
ip: 66.91.82.156
firstlogin: 1460829897550.000000
lastlogin: 1462596203407.000000
...
