---
password: 417460b2819bf2e63eec5e0085bfba3b3db5a9eb
ip: 172.112.52.145
firstlogin: 1462655364131.000000
lastlogin: 1462655364138.000000
...
