---
password: 516626bf8a5006ecce1803eeb6a747182000d4f8
ip: 109.98.208.45
firstlogin: 1461306744782.000000
lastlogin: 1461306744784.000000
...
