---
password: 0cfce03424aa2ab72ab4999e35c870904534335b
ip: 68.186.172.188
firstlogin: 1461276819647.000000
lastlogin: 1461276819650.000000
...
