---
password: 452b1f50a9499814bce84be6312a39607be751c2
ip: 77.64.254.71
firstlogin: 1461599468093.000000
lastlogin: 1461599468096.000000
...
