---
password: 3e312cae7c51cecc22170680d785a719c945a5bb
ip: 80.111.72.83
firstlogin: 1461344064464.000000
lastlogin: 1461344064467.000000
...
