---
password: 05c0a6b22fe0995bb4a3ff2d8e1e6f939f41994b
ip: 151.228.7.226
firstlogin: 1462203415239.000000
lastlogin: 1462203415241.000000
...
