---
password: 0c8526cfe9013de3ac0d75c3dd8ea7d2c25e0a12
ip: 62.113.11.72
firstlogin: 1460926186914.000000
lastlogin: 1460964283468.000000
...
