---
password: 15dd6d5a3f6905fe55fdd6e023abfd2ee9b58fb7
ip: 86.187.114.201
firstlogin: 1461010484351.000000
lastlogin: 1461605690236.000000
...
