---
password: 3eaf23d5587fb337aa6f83ef14f231aec02184d3
ip: 50.126.173.131
firstlogin: 1461368204678.000000
lastlogin: 1461368362412.000000
...
