---
password: 6e6795ff692f6484e9687a182b4d18d525ad9f74
ip: 112.202.4.14
firstlogin: 1462238393277.000000
lastlogin: 1462238393288.000000
...
