---
password: 7769532553e58ff480726fabffe1e20daba6a510
ip: 190.232.8.62
firstlogin: 1461426149326.000000
lastlogin: 1461514198684.000000
...
