---
password: 5baa61e4c9b93f3f0682250b6cf8331b7ee68fd8
ip: 68.230.132.71
firstlogin: 1462030123843.000000
lastlogin: 1462030123845.000000
...
