---
password: 86fd152aca10d467bd89ba81b9a5ba9f51c0fab5
ip: 124.106.245.108
firstlogin: 1461423748073.000000
lastlogin: 1461423748075.000000
...
