---
password: 624c22a8c8f8c93f18fe5ecd4713100c8d754507
ip: 104.185.129.94
firstlogin: 1461357297433.000000
lastlogin: 1461357297440.000000
...
