---
password: 16c63de7ffbb050fda965d35fb4dc785afbca74d
ip: 98.164.107.150
firstlogin: 1461421643329.000000
lastlogin: 1461421643332.000000
...
