---
password: 86fd152aca10d467bd89ba81b9a5ba9f51c0fab5
ip: 124.106.254.22
firstlogin: 1462108127942.000000
lastlogin: 1462108127951.000000
...
