---
password: 3c0599dce760ffd9a1ecb599d120c84bd43b6eb0
ip: 166.173.59.196
firstlogin: 1461379065740.000000
lastlogin: 1461438308175.000000
...
