---
password: 52ca9a2895fa0aa386a81fcb1d6febb417639f39
ip: 109.47.3.131
firstlogin: 1461269661723.000000
lastlogin: 1461331079979.000000
...
