---
password: 1c2b0d17c738509518ecc6efa233ee6c10e724f2
ip: 95.173.38.168
firstlogin: 1461323885562.000000
lastlogin: 1461323885565.000000
...
