---
password: 5baa61e4c9b93f3f0682250b6cf8331b7ee68fd8
ip: 24.110.28.203
firstlogin: 1462381566960.000000
lastlogin: 1462381566969.000000
...
