---
password: 7c4a8d09ca3762af61e59520943dc26494f8941b
ip: 179.216.236.115
firstlogin: 1462660700757.000000
lastlogin: 1462660700766.000000
...
