---
password: 03d67c263c27a453ef65b29e30334727333ccbcd
ip: 124.104.229.227
firstlogin: 1461263977666.000000
lastlogin: 1461339407332.000000
...
