---
password: 5aeebab117b892fa42002146e4c62be676bc4621
ip: 174.103.80.229
firstlogin: 1462658075816.000000
lastlogin: 1462658075825.000000
...
