---
password: 9ae75f1774b884b14faff617de322fde36180e3d
ip: 70.160.162.149
firstlogin: 1461503912428.000000
lastlogin: 1461503912431.000000
...
