---
password: 7b7f8fc1fb2120f801b66064539c84c1700e78ae
ip: 212.253.50.123
firstlogin: 1461509266552.000000
lastlogin: 1461509266554.000000
...
