---
password: 91486020cb87eba427f675531fa83db377eb8b5d
ip: 78.185.147.55
firstlogin: 1461344170158.000000
lastlogin: 1461344170160.000000
...
