---
password: 3373fb757b65f22b0ff74e85f019f0f30772c170
ip: 73.139.199.214
firstlogin: 1461292186864.000000
lastlogin: 1461292186869.000000
...
