---
password: 46c23fa2e5e4dc248aeff7a37a740288ab7263f7
ip: 79.119.255.64
firstlogin: 1461268701632.000000
lastlogin: 1461268701635.000000
...
