---
password: 4f197c99a78b8411f1cf48ab409a0a6d176b99b7
ip: 107.130.97.114
firstlogin: 1461288014143.000000
lastlogin: 1462031533416.000000
...
