---
password: 25b54d3d632877ac9ab1dece483bb6abf5c98102
ip: 203.185.177.198
firstlogin: 1461280360804.000000
lastlogin: 1461280360812.000000
...
