---
password: 5baa61e4c9b93f3f0682250b6cf8331b7ee68fd8
ip: 63.153.171.17
firstlogin: 1461276804606.000000
lastlogin: 1461276804625.000000
...
