---
password: 1dd22659b337a449abff8c876f5ea3b22edd6b06
ip: 5.44.174.113
firstlogin: 1461319427031.000000
lastlogin: 1461319427035.000000
...
