---
password: 749d7fe6b0f6e7e23394eba305fc5b466d7e0b0e
ip: 173.90.172.145
firstlogin: 1462145881632.000000
lastlogin: 1462145881638.000000
...
