---
password: 861f040a67bbf18aefd389a095c30fd4d61056e5
ip: 67.175.92.2
firstlogin: 1461805415329.000000
lastlogin: 1461805415332.000000
...
