---
password: 66b03f0b078b6f2ab2ec85ebb5d87e22fbe9509d
ip: 172.249.191.92
firstlogin: 1461431899174.000000
lastlogin: 1461431899176.000000
...
