---
password: 1c2b0d17c738509518ecc6efa233ee6c10e724f2
ip: 80.223.4.41
firstlogin: 1461297758241.000000
lastlogin: 1461346912582.000000
...
