---
password: 6774e09bb22718725e352796b518ecf2f2d069a0
ip: 121.214.165.185
firstlogin: 1461510812425.000000
lastlogin: 1461510812430.000000
...
