---
password: 06a1283a743dab367e2a77a5280adaabe61c542e
ip: 73.66.102.200
firstlogin: 1461030897177.000000
lastlogin: 1461385685214.000000
...
