---
password: 8295b76401dffa5627c1e27217e9241ac5ce1169
ip: 198.59.53.9
firstlogin: 1461509702725.000000
lastlogin: 1461509702727.000000
...
