---
password: 2791371219406fe1daa1839c21fa84137130f716
ip: 24.151.226.242
firstlogin: 1461384582650.000000
lastlogin: 1461384582653.000000
...
