---
password: 6772c61c438ad4ab8964f628de685f4879c55f55
ip: 78.108.151.0
firstlogin: 1461387081899.000000
lastlogin: 1461387081902.000000
...
