---
password: 57ca2dad17817a05249a192cc18ef326772df0d4
ip: 36.70.198.64
firstlogin: 1461354860983.000000
lastlogin: 1461354860988.000000
...
