---
password: 1c2b0d17c738509518ecc6efa233ee6c10e724f2
ip: 31.155.150.161
firstlogin: 1461506820427.000000
lastlogin: 1461506820429.000000
...
