---
password: 615f3b3c1c5cc9db6950c0ba4925fa48afa29091
ip: 5.18.184.162
firstlogin: 1461335943129.000000
lastlogin: 1461335943134.000000
...
