---
password: 30ef2b9913d556ad360ebeddc6de0a78e804d900
ip: 162.226.65.2
firstlogin: 1461283098814.000000
lastlogin: 1461453128405.000000
...
