---
password: 3c55edf15f6f3261b48f44f85ff8d48434d1ef84
ip: 70.78.193.134
firstlogin: 1461520488978.000000
lastlogin: 1461520488981.000000
...
