---
password: 84a3fab09f602f708006c3ae4f94c8f2c31f9033
ip: 142.197.46.205
firstlogin: 1461286630771.000000
lastlogin: 1461377597971.000000
...
