---
password: 58cf0aa678f2b433afedb4df6523180fd55ddcf9
ip: 70.123.193.139
firstlogin: 1461285304628.000000
lastlogin: 1461285304631.000000
...
