---
password: 787843f1adc8e3c3d297796b7168c71a3c51fdbc
ip: 79.119.255.191
firstlogin: 1461315493617.000000
lastlogin: 1461315493621.000000
...
