---
password: 68903d3c283354a657d8039b4dcec2691a731f7e
ip: 112.211.71.29
firstlogin: 1462158437595.000000
lastlogin: 1462158437605.000000
...
