---
password: 1c2b0d17c738509518ecc6efa233ee6c10e724f2
ip: 76.77.26.179
firstlogin: 1462331312562.000000
lastlogin: 1462331312571.000000
...
