---
password: 89a879d50b5e29f1f34bed30cbe7c6bc6fc7dc6f
ip: 194.42.132.174
firstlogin: 1461771288191.000000
lastlogin: 1461771288193.000000
...
