---
password: 3d4c0be2e6e9363a5116960e6ff63c2fb9338b51
ip: 49.250.3.38
firstlogin: 1461379403154.000000
lastlogin: 1461379403157.000000
...
