---
password: 5baa61e4c9b93f3f0682250b6cf8331b7ee68fd8
ip: 186.3.253.133
firstlogin: 1461002390986.000000
lastlogin: 1461003328992.000000
...
