---
password: 2952331cebe5e605090219abd80ae8b7e4f05ca7
ip: 177.11.70.74
firstlogin: 1461324870564.000000
lastlogin: 1461324870579.000000
...
