---
password: 066956a4b9ccc7b1e0df6111dea6093022ea18a7
ip: 181.194.16.209
firstlogin: 1461278128118.000000
lastlogin: 1461278128135.000000
...
