---
password: 12a2af3f1a08fc69ca4e7fc54a135aca96a858a7
ip: 151.225.186.119
firstlogin: 1462107404444.000000
lastlogin: 1462107404446.000000
...
