---
password: 852dd028f48494a4935eeba99ad114e7f5235c6f
ip: 85.118.68.97
firstlogin: 1462189449985.000000
lastlogin: 1462189470264.000000
...
