---
password: 9fe2839c7d19fe2511ef5cc3d63bd475b139fc83
ip: 190.114.153.143
firstlogin: 1460921429924.000000
lastlogin: 1460977466576.000000
...
