---
password: 41085192ba114cbcf92efea263903fe10dcf5199
ip: 79.218.149.117
firstlogin: 1461320985573.000000
lastlogin: 1461320985576.000000
...
