---
password: 88fa846e5f8aa198848be76e1abdcb7d7a42d292
ip: 179.153.124.165
firstlogin: 1461371559029.000000
lastlogin: 1461371559032.000000
...
