---
password: 01b307acba4f54f55aafc33bb06bbbf6ca803e9a
ip: 95.29.52.238
firstlogin: 1461326618885.000000
lastlogin: 1461326618888.000000
...
