---
password: 2c260af85223c282c1d62f9d40b583013f5ee618
ip: 191.35.32.234
firstlogin: 1461369544369.000000
lastlogin: 1461369544375.000000
...
