---
password: 3e7d3018e3841366934e0155f0a81e25f98ade09
ip: 125.212.120.3
firstlogin: 1461300074577.000000
lastlogin: 1461306696695.000000
...
