---
password: 216ac6e65cf719bf2926dd2d0aaab4908e972e12
ip: 178.50.80.200
firstlogin: 1462698003575.000000
lastlogin: 1462698003577.000000
...
