---
password: 1423c3175b67ddc1d83d53a6ccb55940e5cfaa5c
ip: 74.106.53.110
firstlogin: 1461020789475.000000
lastlogin: 1462039080643.000000
...
