---
password: 186fa8f5964d52800a8311f87eae5a7fb740b816
ip: 178.95.173.79
firstlogin: 1461265575732.000000
lastlogin: 1461265575734.000000
...
