---
password: 38464bf083d958b53580c63c01e56707fd043588
ip: 99.8.57.19
firstlogin: 1462673994418.000000
lastlogin: 1462673994420.000000
...
