---
password: 7c222fb2927d828af22f592134e8932480637c0d
ip: 58.11.5.48
firstlogin: 1461302301386.000000
lastlogin: 1462325648975.000000
...
