---
password: 40d80ccc29716aa2ade85aa9b0c222da6ed5fc53
ip: 71.92.221.47
firstlogin: 1462117990907.000000
lastlogin: 1462494129307.000000
...
