---
password: 910837f510a5b8381eeb897d4019e77db49dc845
ip: 139.192.45.41
firstlogin: 1461334802823.000000
lastlogin: 1461334802826.000000
...
