---
password: 1b3092a73eab55537f554097b632df4895a864f8
ip: 93.35.55.215
firstlogin: 1460921945216.000000
lastlogin: 1460921945221.000000
...
