---
password: 357e69adc705ddb56735427efa918cfc34206bf5
ip: 179.163.50.197
firstlogin: 1461339071404.000000
lastlogin: 1461339071407.000000
...
