---
password: 7c222fb2927d828af22f592134e8932480637c0d
ip: 189.114.131.221
firstlogin: 1461292419924.000000
lastlogin: 1461292419926.000000
...
