---
password: 64a2a02967c81db922e83755383b1ca530f9be65
ip: 176.59.1.236
firstlogin: 1462640436136.000000
lastlogin: 1462640436138.000000
...
