---
password: 367f4abc9e5c1d494989b3c16545ed796d973825
ip: 94.180.110.18
firstlogin: 1461300352373.000000
lastlogin: 1461300352376.000000
...
