---
password: 5baa61e4c9b93f3f0682250b6cf8331b7ee68fd8
ip: 5.13.184.71
firstlogin: 1461261877919.000000
lastlogin: 1461330430086.000000
...
