---
password: 5baa61e4c9b93f3f0682250b6cf8331b7ee68fd8
ip: 185.13.112.44
firstlogin: 1461599453956.000000
lastlogin: 1461599453965.000000
...
