---
password: 02212eef5ef9a90ac4f742afa5b37f18dc3f27ea
ip: 65.24.236.122
firstlogin: 1460911411020.000000
lastlogin: 1461886529466.000000
...
