---
password: 5baa61e4c9b93f3f0682250b6cf8331b7ee68fd8
ip: 185.13.112.41
firstlogin: 1461518238554.000000
lastlogin: 1461518238559.000000
...
