---
password: 20eabe5d64b0e216796e834f52d61fd0b70332fc
ip: 114.121.158.114
firstlogin: 1461374367466.000000
lastlogin: 1461374367470.000000
...
