---
password: 5baa61e4c9b93f3f0682250b6cf8331b7ee68fd8
ip: 207.161.62.5
firstlogin: 1461505489160.000000
lastlogin: 1461505489165.000000
...
