---
password: 347089886b69e44a5e133eecc740d765d533546b
ip: 78.210.26.90
firstlogin: 1462728142665.000000
lastlogin: 1462728142667.000000
...
