---
password: 1c2b0d17c738509518ecc6efa233ee6c10e724f2
ip: 86.191.222.181
firstlogin: 1461099500633.000000
lastlogin: 1461099500635.000000
...
