---
password: 323af470d99680c4ac0748351ca8bbf9b5cf38ad
ip: 124.106.245.17
firstlogin: 1461305295439.000000
lastlogin: 1461305295441.000000
...
