---
password: 9cf95dacd226dcf43da376cdb6cbba7035218921
ip: 90.29.228.198
firstlogin: 1462689817437.000000
lastlogin: 1462689817439.000000
...
