---
password: 6546373b21f6854aa7142ffb524543df40a09f5b
ip: 75.178.2.217
firstlogin: 1461286676765.000000
lastlogin: 1461286676775.000000
...
