---
password: 1a5145a922024d735ada9b19dc09906437f59d6c
ip: 2.236.31.213
firstlogin: 1461356833241.000000
lastlogin: 1461356833244.000000
...
