---
password: 4af8c741dba6218d9c664c35dfc3a6051efec128
ip: 24.148.123.240
firstlogin: 1461420712406.000000
lastlogin: 1461777883749.000000
...
