---
password: 906bdafa227e4eda7b5b7738f1e7e5dc1deb32ae
ip: 24.136.73.80
firstlogin: 1461288151709.000000
lastlogin: 1461288154417.000000
...
