---
password: 048e5cfcd8802ce8eb0ba34587c942dc583e8eeb
ip: 69.24.174.12
firstlogin: 1461273982208.000000
lastlogin: 1461273982213.000000
...
