---
password: 5dd4ebdac62609c834f7768f02286b798bd82a38
ip: 87.121.66.221
firstlogin: 1461332904405.000000
lastlogin: 1461512814112.000000
...
