---
password: 73832b5242e9cf402bd3f685a017bd29c88dc4b0
ip: 72.161.30.77
firstlogin: 1462021810988.000000
lastlogin: 1462021810990.000000
...
