---
password: 7fd89e252e351ef1956f474ecb82cbd417575cfc
ip: 5.156.188.220
firstlogin: 1460999867317.000000
lastlogin: 1461059379898.000000
...
