---
password: 9866080e80196efa66ad07bbf85017739df1186f
ip: 114.108.242.94
firstlogin: 1462623844360.000000
lastlogin: 1462623844362.000000
...
