---
password: 3d9128fb024eff2a0ea8be2cadcd96522f1af53e
ip: 152.238.214.160
firstlogin: 1461521215787.000000
lastlogin: 1461521215789.000000
...
