---
password: 6ddef66492b0292c2c59339cb6b3db50b5c6f5bf
ip: 181.202.102.193
firstlogin: 1461372398434.000000
lastlogin: 1461372398436.000000
...
