---
password: 89b7835aa24d016d3207fffbec0b2a082b07c34a
ip: 122.151.137.245
firstlogin: 1461309172845.000000
lastlogin: 1461309172851.000000
...
