---
password: 9ca3a9f70b33e046bab2e2acccb982c72f85783a
ip: 173.19.93.49
firstlogin: 1461277504090.000000
lastlogin: 1461277504093.000000
...
