---
password: 2b06dac38ba29d5950e1c40643bd4a2bee0d9cbb
ip: 68.19.250.95
firstlogin: 1462206065796.000000
lastlogin: 1462206065798.000000
...
