---
password: 0d75bed06f100e09a8dab586b21267d5e3fbb4ef
ip: 45.22.83.237
firstlogin: 1462226979462.000000
lastlogin: 1462231561684.000000
...
