---
password: 1c2b0d17c738509518ecc6efa233ee6c10e724f2
ip: 104.33.2.200
firstlogin: 1461372682591.000000
lastlogin: 1461372682594.000000
...
