---
password: 0869a88bc7fabe2194ddf4fbe1cbdeb84b228ec9
ip: 177.97.92.153
firstlogin: 1461339685643.000000
lastlogin: 1461339685645.000000
...
