---
password: 3d022558e21f01fe72ac25d0faabbd1848fe9f4f
ip: 65.184.22.142
firstlogin: 1462647306340.000000
lastlogin: 1462647306344.000000
...
