---
password: 600d94d59bcec99b9b71cbe295148fce5659aee4
ip: 85.250.73.68
firstlogin: 1461419801568.000000
lastlogin: 1461419801578.000000
...
