---
password: 5967a331652f8d3655ca63a1fd2511ef676b1f10
ip: 99.113.205.0
firstlogin: 1461352804339.000000
lastlogin: 1461352804342.000000
...
