---
password: 11326770731e4d4d9c81649dee73b65e59bd37c3
ip: 177.95.14.28
firstlogin: 1461275316373.000000
lastlogin: 1461275316377.000000
...
