---
password: 366642afad85161718d3199bbb3eeec4323b4561
ip: 1.9.156.99
firstlogin: 1461385230291.000000
lastlogin: 1461385230294.000000
...
