---
password: 03d67c263c27a453ef65b29e30334727333ccbcd
ip: 72.50.85.60
firstlogin: 1460912193657.000000
lastlogin: 1461014278756.000000
...
