---
password: 1c2b0d17c738509518ecc6efa233ee6c10e724f2
ip: 107.197.54.249
firstlogin: 1462226560078.000000
lastlogin: 1462230966019.000000
...
