---
password: 5baa61e4c9b93f3f0682250b6cf8331b7ee68fd8
ip: 49.180.99.66
firstlogin: 1461384340206.000000
lastlogin: 1461384340209.000000
...
