---
password: 69a0b6e76f2c6dbb6968755860bdcb09ae4f6a0d
ip: 98.199.28.44
firstlogin: 1461380160133.000000
lastlogin: 1461380160137.000000
...
