---
password: 3d9128fb024eff2a0ea8be2cadcd96522f1af53e
ip: 89.153.159.79
firstlogin: 1461355963764.000000
lastlogin: 1461355963768.000000
...
