---
password: 7c4a8d09ca3762af61e59520943dc26494f8941b
ip: 73.30.30.150
firstlogin: 1462152144644.000000
lastlogin: 1462575596545.000000
...
