---
password: 20eabe5d64b0e216796e834f52d61fd0b70332fc
ip: 181.196.80.56
firstlogin: 1461343705184.000000
lastlogin: 1461424728010.000000
...
