---
password: 13a2828b3adecc1c32ea3888d08afa51e147b3f3
ip: 96.19.34.90
firstlogin: 1461301394638.000000
lastlogin: 1461301394641.000000
...
