---
password: 6ec7e46663b20725e2977b19c4abef5a12c5af98
ip: 24.165.175.43
firstlogin: 1462657268132.000000
lastlogin: 1462657268134.000000
...
