---
password: 521dfba72a9cb268c23c7c09f89bb18e95b2115f
ip: 47.216.206.58
firstlogin: 1461303398518.000000
lastlogin: 1461303398520.000000
...
