---
password: 75b3e756613a8a376f404661214d152f275a2bf0
ip: 210.100.200.161
firstlogin: 1461308023441.000000
lastlogin: 1461308023444.000000
...
