---
password: 1c2b0d17c738509518ecc6efa233ee6c10e724f2
ip: 121.216.203.66
firstlogin: 1461325129658.000000
lastlogin: 1461325129661.000000
...
