---
password: 506ecd0a18bdbe04e04c32e2efbf0a6a7b179f41
ip: 98.113.67.233
firstlogin: 1461362151437.000000
lastlogin: 1462115821955.000000
...
