---
password: 5ede4e0019bc1a0a366f85567f9116a6500d9014
ip: 49.150.41.44
firstlogin: 1461327554833.000000
lastlogin: 1461327554836.000000
...
