---
password: 6f973992403f989bae73fa1de629c43a048931d2
ip: 172.56.40.221
firstlogin: 1460907162261.000000
lastlogin: 1460935255263.000000
...
