---
password: 1653e85a8f9503e2e8b64797a4f729063ca76cb7
ip: 99.189.20.134
firstlogin: 1462142681853.000000
lastlogin: 1462142681857.000000
...
