---
password: 08fb5d1e837c21e69d61aea0460c6e921829ea49
ip: 112.204.179.20
firstlogin: 1462342756365.000000
lastlogin: 1462342756367.000000
...
