---
password: 41c37dc4e1e00a5dd1b3e4b263e02022c776aa90
ip: 178.93.116.76
firstlogin: 1461323397656.000000
lastlogin: 1461323397659.000000
...
