---
password: 2cf797c3fb62545c761b4696a32d17f486b8327f
ip: 5.144.110.182
firstlogin: 1461301312301.000000
lastlogin: 1461301316837.000000
...
