---
password: 87442a879053617c648fe0e84035796065af81c6
ip: 173.170.170.60
firstlogin: 1461338569194.000000
lastlogin: 1461338569200.000000
...
