---
password: 6795212b4b4ef2ea1e454a8a82ceaa98cc8725c1
ip: 130.105.225.101
firstlogin: 1462195161994.000000
lastlogin: 1462686232274.000000
...
