---
password: 233f245228e795a016b3facc9dece88b33456e49
ip: 111.94.176.181
firstlogin: 1461306583763.000000
lastlogin: 1461306583765.000000
...
