---
password: 7110eda4d09e062aa5e4a390b0a572ac0d2c0220
ip: 186.6.161.124
firstlogin: 1461279247692.000000
lastlogin: 1461279247694.000000
...
