---
password: 98a532b74df1d551f5ab7c06e1d3438f2afadce4
ip: 96.229.11.53
firstlogin: 1462052543402.000000
lastlogin: 1462052543405.000000
...
