---
password: 965b38734b55904903e3f2e1589b99b7697a4546
ip: 212.252.86.118
firstlogin: 1461001089358.000000
lastlogin: 1461001089365.000000
...
