---
password: 0cb3c49ed4e3942fe561a62d19bfec1c324c4911
ip: 88.174.56.177
firstlogin: 1462620253884.000000
lastlogin: 1462620253886.000000
...
