---
password: 1c2b0d17c738509518ecc6efa233ee6c10e724f2
ip: 24.180.217.115
firstlogin: 1461533694067.000000
lastlogin: 1461533694075.000000
...
