---
password: 680e2164003f22db65b0f62e2be469be0494a2aa
ip: 87.163.186.239
firstlogin: 1461266665057.000000
lastlogin: 1461266665060.000000
...
