---
password: 80710b4eddc5b8e62120aa407cbb326a8a111277
ip: 122.162.192.55
firstlogin: 1461000231797.000000
lastlogin: 1461298017682.000000
...
