---
password: 42e43b612a5dfae57ddf5929f0fb945ae83cbf61
ip: 86.20.249.116
firstlogin: 1462005326984.000000
lastlogin: 1462005326990.000000
...
