---
password: 92b5234df134d5cd80354ee00fa30dc799978251
ip: 187.160.171.123
firstlogin: 1461020356343.000000
lastlogin: 1461020356345.000000
...
