---
password: 4bb0bacf28505162c4c9ceb233f9a7a5616ff82e
ip: 76.104.255.234
firstlogin: 1462616455491.000000
lastlogin: 1462616455493.000000
...
