---
password: 0343a19e945f8e63d21dfb35914c473719a32544
ip: 101.166.102.11
firstlogin: 1461921628088.000000
lastlogin: 1461921628091.000000
...
