---
password: 1c2b0d17c738509518ecc6efa233ee6c10e724f2
ip: 73.69.245.156
firstlogin: 1462648899344.000000
lastlogin: 1462648899346.000000
...
