---
password: 3cf887c3baa6e67fcbcd16967cdd552c893f6560
ip: 217.44.219.5
firstlogin: 1461510669851.000000
lastlogin: 1461510669858.000000
...
