---
password: 0d23cb94d06f91f6f44085a06f9dcfcfc9e07cb7
ip: 112.198.102.245
firstlogin: 1462329901576.000000
lastlogin: 1462329901578.000000
...
