---
password: 1c2b0d17c738509518ecc6efa233ee6c10e724f2
ip: 71.94.89.158
firstlogin: 1460909279378.000000
lastlogin: 1460916763018.000000
...
