---
password: 77a5f2b820983ce006fa2dd3b282914b23baa6d9
ip: 99.174.239.7
firstlogin: 1461247238268.000000
lastlogin: 1462721394060.000000
...
