---
password: 4e31a10a8f8caa168dc35a52f05afd3c17dc6e67
ip: 75.138.97.97
firstlogin: 1461269012626.000000
lastlogin: 1461269012629.000000
...
