---
password: 1c2b0d17c738509518ecc6efa233ee6c10e724f2
ip: 108.215.5.32
firstlogin: 1460931113493.000000
lastlogin: 1460931113496.000000
...
