---
password: 405afbf6c97b7868b926e8e54c6f21c5363530fd
ip: 112.5.236.118
firstlogin: 1461379435740.000000
lastlogin: 1461379435742.000000
...
