---
password: 1c2b0d17c738509518ecc6efa233ee6c10e724f2
ip: 172.56.23.186
firstlogin: 1461291297014.000000
lastlogin: 1461513725147.000000
...
