---
password: 85a515e939334463cd796238bbae25717446c537
ip: 58.11.139.167
firstlogin: 1461335337872.000000
lastlogin: 1461335337874.000000
...
