---
password: 71adf5f5dbfb723f5d82e991ddf14659f59ff198
ip: 86.241.83.195
firstlogin: 1462534685703.000000
lastlogin: 1462534685710.000000
...
