---
password: 9a56f9c9c690a95a9790912e5f51da8144910bc0
ip: 66.8.152.122
firstlogin: 1460944684329.000000
lastlogin: 1460944684332.000000
...
