---
password: 1c2b0d17c738509518ecc6efa233ee6c10e724f2
ip: 49.151.84.91
firstlogin: 1462200975278.000000
lastlogin: 1462200975281.000000
...
