---
password: 608129be7cae8b1596b223780ba8781eeeef370f
ip: 65.129.166.176
firstlogin: 1461296929905.000000
lastlogin: 1461296929907.000000
...
