---
password: 736af210e5911b827214131abb57ac51828aa5b0
ip: 73.71.104.43
firstlogin: 1461300058622.000000
lastlogin: 1461386060438.000000
...
