---
password: 9954dcc1dd579890dc6b658c61d2b733cd40ee78
ip: 5.87.88.210
firstlogin: 1461350523853.000000
lastlogin: 1461350523855.000000
...
