---
password: 586844df9af211c3bda60dd0d2427fd9c8405daf
ip: 79.41.85.238
firstlogin: 1461342441087.000000
lastlogin: 1461342441093.000000
...
