---
password: 0cb89d37395f85b993ee527a9242b27cd006e1cd
ip: 186.103.179.130
firstlogin: 1461369440677.000000
lastlogin: 1461426121336.000000
...
