---
password: 0c89ddb5e4f72becf8e3f7b6c7aa4b0167b74ad4
ip: 200.79.143.72
firstlogin: 1461370196518.000000
lastlogin: 1461370196520.000000
...
