---
password: 624c22a8c8f8c93f18fe5ecd4713100c8d754507
ip: 78.7.31.222
firstlogin: 1461329991556.000000
lastlogin: 1461329991561.000000
...
