---
password: 9bbd26c2330953e892a100cf257981a3ab29480d
ip: 112.200.245.254
firstlogin: 1461333113383.000000
lastlogin: 1461333113386.000000
...
