---
password: 3e502e81f9d2f9cc698347c99f998312fea54b47
ip: 125.212.123.223
firstlogin: 1461290062125.000000
lastlogin: 1461420487815.000000
...
