---
password: 917a003f1493bda6f12e061bd30f3ab04242d760
ip: 86.167.155.30
firstlogin: 1461265984451.000000
lastlogin: 1461347083266.000000
...
