---
password: 0bff8c2c6de610dc16be847b235555a5426ff316
ip: 72.206.5.68
firstlogin: 1460998874139.000000
lastlogin: 1461106931281.000000
...
