---
password: 7b08faf535cbccf9f7664726276ec5cf203cb992
ip: 77.100.71.107
firstlogin: 1462108829658.000000
lastlogin: 1462108829660.000000
...
