---
password: 63fb9224a34fa68fa8f1db2c43481863e666dfb8
ip: 217.187.142.21
firstlogin: 1461341690315.000000
lastlogin: 1461341690318.000000
...
