---
password: 17f2983827528c4b65a30a0d8fceb9f7c3009080
ip: 189.30.71.206
firstlogin: 1462659225629.000000
lastlogin: 1462659226279.000000
...
