---
password: 6f4f9a87a5180427d592319bd4a389dcea985fe9
ip: 85.106.110.70
firstlogin: 1461736222860.000000
lastlogin: 1461736222862.000000
...
