---
password: 66d3ec3afbae6f4e733b692459fe00fceb02d559
ip: 86.27.246.252
firstlogin: 1461597515913.000000
lastlogin: 1461597515915.000000
...
