---
password: 1c2b0d17c738509518ecc6efa233ee6c10e724f2
ip: 96.54.233.110
firstlogin: 1462226625498.000000
lastlogin: 1462226625500.000000
...
