---
password: 67bb63793f66c3c3797af10faa739beca3aeb927
ip: 99.44.91.2
firstlogin: 1461358274264.000000
lastlogin: 1461437806219.000000
...
