---
password: 1c2b0d17c738509518ecc6efa233ee6c10e724f2
ip: 78.180.80.180
firstlogin: 1461316957125.000000
lastlogin: 1461316957127.000000
...
