---
password: 3138f369b1bf20b8c78da018f9a25253fe2ffc7b
ip: 177.247.73.165
firstlogin: 1462490309730.000000
lastlogin: 1462490352275.000000
...
