---
password: 9ee7afc62336bde93427d02b48ab65d7a9eb0c6b
ip: 71.102.105.96
firstlogin: 1461100173025.000000
lastlogin: 1462028639647.000000
...
